1
p: 18919.244141, 341.082520, 19510.876953
s: 1.000000, 1.000000, 1.000000
r: 0.000000, 2.031768, 0.000000
c: 0.700000, 0.300000, 0.200000
f: 3
