10
p: 21517.332031, 530.621582, 19530.728516
s: 1.000000, 1.000000, 1.000000
r: 0.000000, -2.345808, 0.000000
c: 0.700000, 0.300000, 0.200000
f: 7
m: tree_002
