10
t: 2
p: 19930.082031, 822.115417, 21415.962891
s: 200.000000, 0.000000, 0.000000
r: 0.000000, 0.000000, 0.000000
c: 0.377143, 0.097143, 0.085714, 0.388571
f: 9
m: sphere
