10
p: 22421.750000, 465.684235, 19322.697266
s: 1.000000, 1.000000, 1.000000
r: 0.000000, -2.333497, 0.000000
c: 0.700000, 0.300000, 0.200000
f: 3
