10
p: 21539.628906, 540.448730, 19590.968750
s: 1.000000, 1.000000, 1.000000
r: 0.000000, -2.345808, 0.000000
c: 0.700000, 0.300000, 0.200000
f: 7
m: tree_002
