100
p: 17515.863281, 809.487549, 23312.943359
s: 1.000000, 1.000000, 1.000000
r: 0.000000, 1.358237, 0.000000
c: 0.700000, 0.300000, 0.200000
f: 7
m: tree_002
