100
p: 17138.968750, 947.499146, 22726.625000
s: 1.000000, 1.000000, 1.000000
r: 0.000000, 0.780656, 0.000000
c: 0.700000, 0.300000, 0.200000
f: 3
