101
p: 17547.863281, 906.920898, 22828.517578
s: 1.000000, 1.000000, 1.000000
r: 0.000000, 1.186018, 0.000000
c: 0.700000, 0.300000, 0.200000
f: 3
