102
p: 17119.968750, 939.364441, 22783.722656
s: 1.000000, 1.000000, 1.000000
r: 0.000000, 1.789239, 0.000000
c: 0.700000, 0.300000, 0.200000
f: 7
m: tree_002
