102
p: 16932.132812, 962.395386, 22468.500000
s: 1.000000, 1.000000, 1.000000
r: 0.000000, -3.138495, 0.000000
c: 0.700000, 0.300000, 0.200000
f: 3
