104
p: 23589.548828, 614.898132, 16131.277344
s: 1.000000, 1.000000, 1.000000
r: 0.000000, 2.030902, 0.000000
c: 0.700000, 0.300000, 0.200000
f: 3
