104
p: 23327.628906, 530.420288, 16750.988281
s: 1.000000, 1.000000, 1.000000
r: 0.000000, 1.286296, 0.000000
c: 0.700000, 0.300000, 0.200000
f: 7
m: tree_002
