105
p: 22025.554688, 408.765442, 16085.298828
s: 1.000000, 1.000000, 1.000000
r: 0.000000, 3.100852, 0.000000
c: 0.700000, 0.300000, 0.200000
f: 3
