106
p: 21886.171875, 338.283691, 16257.147461
s: 1.000000, 1.000000, 1.000000
r: 0.000000, -3.009195, 0.000000
c: 0.700000, 0.300000, 0.200000
f: 3
