107
p: 24734.279297, 517.193726, 18068.484375
s: 1.000000, 1.000000, 1.000000
r: 0.000000, 0.084799, 0.000000
c: 0.700000, 0.300000, 0.200000
f: 7
m: tree_001
