107
p: 24736.064453, 516.900269, 18077.998047
s: 1.000000, 1.000000, 1.000000
r: 0.000000, -2.185185, 0.000000
c: 0.700000, 0.300000, 0.200000
f: 3
