108
p: 24284.183594, 577.827209, 17646.220703
s: 1.000000, 1.000000, 1.000000
r: 0.000000, -1.058128, 0.000000
c: 0.700000, 0.300000, 0.200000
f: 7
m: tree_002
