11
p: 18437.044922, 424.722290, 18927.662109
s: 1.000000, 1.000000, 1.000000
r: 0.000000, 0.560523, 0.000000
c: 0.700000, 0.300000, 0.200000
f: 3
