110
p: 24734.501953, 775.758545, 20327.931641
s: 1.000000, 1.000000, 1.000000
r: 0.000000, -0.772688, 0.000000
c: 0.700000, 0.300000, 0.200000
f: 3
