111
p: 24124.060547, 705.130615, 21981.839844
s: 1.000000, 1.000000, 1.000000
r: 0.000000, 0.779854, 0.000000
c: 0.700000, 0.300000, 0.200000
f: 3
