112
p: 25090.345703, 785.968506, 21260.957031
s: 1.000000, 1.000000, 1.000000
r: 0.000000, 0.286141, 0.000000
c: 0.700000, 0.300000, 0.200000
f: 3
