112
p: 22809.949219, 394.659912, 20323.464844
s: 1.000000, 1.000000, 1.000000
r: 0.000000, -1.034025, 0.000000
c: 0.700000, 0.300000, 0.200000
f: 7
m: tree_002
