113
p: 22915.984375, 801.776367, 23427.304688
s: 1.000000, 1.000000, 1.000000
r: 0.000000, 0.427494, 0.000000
c: 0.700000, 0.300000, 0.200000
f: 7
m: tree_001
