113
p: 22370.707031, 740.115906, 23655.541016
s: 1.000000, 1.000000, 1.000000
r: 0.000000, 2.534498, 0.000000
c: 0.700000, 0.300000, 0.200000
f: 3
