113
p: 23019.013672, 806.126953, 23300.804688
s: 1.000000, 1.000000, 1.000000
r: 0.000000, 0.427494, 0.000000
c: 0.700000, 0.300000, 0.200000
f: 7
m: tree_001
