114
p: 24027.298828, 786.386353, 22489.583984
s: 1.000000, 1.000000, 1.000000
r: 0.000000, -2.689820, 0.000000
c: 0.700000, 0.300000, 0.200000
f: 3
