115
p: 24221.912109, 910.793640, 22935.841797
s: 1.000000, 1.000000, 1.000000
r: 0.000000, -0.284991, 0.000000
c: 0.700000, 0.300000, 0.200000
f: 3
