117
p: 21151.689453, 990.003906, 24275.015625
s: 1.000000, 1.000000, 1.000000
r: 0.000000, 2.138278, 0.000000
c: 0.700000, 0.300000, 0.200000
f: 7
m: tree_001
