117
p: 21398.156250, 934.487610, 24062.091797
s: 1.000000, 1.000000, 1.000000
r: 0.000000, -1.100434, 0.000000
c: 0.700000, 0.300000, 0.200000
f: 3
