118
p: 24028.472656, 560.404297, 19110.957031
s: 1.000000, 1.000000, 1.000000
r: 0.000000, 2.696040, 0.000000
c: 0.700000, 0.300000, 0.200000
f: 3
