119
p: 25198.023438, 750.452393, 20229.277344
s: 1.000000, 1.000000, 1.000000
r: 0.000000, -1.989718, 0.000000
c: 0.700000, 0.300000, 0.200000
f: 3
