12
t: 1
p: 19906.232422, 1173.861450, 21454.351562
s: 16.000000, 172.571426, 178.285721
r: 2.046523, 3.877623, 1.077118
c: 0.332451, 0.450000, 0.500000, 1.000000
f: 5
m: sphere
