12
p: 18099.505859, 687.917969, 18330.464844
s: 1.000000, 1.000000, 1.000000
r: 0.000000, 2.212311, 0.000000
c: 0.700000, 0.300000, 0.200000
f: 3
