120
p: 25317.740234, 591.734741, 19268.328125
s: 1.000000, 1.000000, 1.000000
r: 0.000000, -2.082770, 0.000000
c: 0.700000, 0.300000, 0.200000
f: 3
