121
p: 24675.771484, 580.257812, 18571.720703
s: 1.000000, 1.000000, 1.000000
r: 0.000000, 2.524467, 0.000000
c: 0.700000, 0.300000, 0.200000
f: 7
m: tree_001
