122
p: 18057.029297, 641.011353, 16968.173828
s: 1.000000, 1.000000, 1.000000
r: 0.000000, -0.110519, 0.000000
c: 0.700000, 0.300000, 0.200000
f: 3
