123
p: 18843.640625, 344.451141, 18890.884766
s: 1.000000, 1.000000, 1.000000
r: 0.000000, 2.323052, 0.000000
c: 0.700000, 0.300000, 0.200000
f: 3
