124
p: 17825.324219, 792.145447, 18048.070312
s: 1.000000, 1.000000, 1.000000
r: 0.000000, -0.176139, 0.000000
c: 0.700000, 0.300000, 0.200000
f: 3
