125
p: 21297.576172, 603.471802, 17646.195312
s: 1.000000, 1.000000, 1.000000
r: 0.000000, -0.987744, 0.000000
c: 0.700000, 0.300000, 0.200000
f: 3
