126
p: 20087.525391, 405.888428, 15170.981445
s: 1.000000, 1.000000, 1.000000
r: 0.000000, -0.837100, 0.000000
c: 0.700000, 0.300000, 0.200000
f: 3
