127
p: 19354.457031, 329.682220, 14994.010742
s: 1.000000, 1.000000, 1.000000
r: 0.000000, 3.066020, 0.000000
c: 0.700000, 0.300000, 0.200000
f: 7
m: tree_001
