128
p: 18126.408203, 451.126770, 15246.229492
s: 1.000000, 1.000000, 1.000000
r: 0.000000, -2.295491, 0.000000
c: 0.700000, 0.300000, 0.200000
f: 3
