13
p: 19191.033203, 319.005310, 19298.552734
s: 1.000000, 1.000000, 1.000000
r: 0.000000, -0.472821, 0.000000
c: 0.700000, 0.300000, 0.200000
f: 23
m: tree_001
