13
p: 18771.291016, 316.464661, 19172.353516
s: 1.000000, 1.000000, 1.000000
r: 0.000000, -1.572697, 0.000000
c: 0.700000, 0.300000, 0.200000
f: 3
