130
p: 21475.634766, 508.462799, 15019.433594
s: 1.000000, 1.000000, 1.000000
r: 0.000000, -1.829829, 0.000000
c: 0.700000, 0.300000, 0.200000
f: 3
