131
p: 21856.783203, 417.705688, 17646.833984
s: 1.000000, 1.000000, 1.000000
r: 0.000000, 2.263418, 0.000000
c: 0.700000, 0.300000, 0.200000
f: 3
