133
p: 16280.199219, 512.951782, 20126.560547
s: 1.000000, 1.000000, 1.000000
r: 0.000000, 1.352011, 0.000000
c: 0.700000, 0.300000, 0.200000
f: 3
