135
p: 15801.406250, 709.029114, 18898.199219
s: 1.000000, 1.000000, 1.000000
r: 0.000000, -0.044439, 0.000000
c: 0.700000, 0.300000, 0.200000
f: 3
