136
p: 16044.236328, 506.065369, 17739.718750
s: 1.000000, 1.000000, 1.000000
r: 0.000000, 3.051530, 0.000000
c: 0.700000, 0.300000, 0.200000
f: 7
m: tree_002
