138
p: 15321.151367, 458.960052, 20066.751953
s: 1.000000, 1.000000, 1.000000
r: 0.000000, -0.672764, 0.000000
c: 0.700000, 0.300000, 0.200000
f: 23
m: tree_002
