138
p: 15309.024414, 457.847168, 20065.900391
s: 1.000000, 1.000000, 1.000000
r: 0.000000, -0.672764, 0.000000
c: 0.700000, 0.300000, 0.200000
f: 7
m: tree_002
