138
p: 15975.333008, 476.103119, 20196.107422
s: 1.000000, 1.000000, 1.000000
r: 0.000000, -2.674397, 0.000000
c: 0.700000, 0.300000, 0.200000
f: 3
