139
p: 16702.466797, 979.122559, 22295.197266
s: 1.000000, 1.000000, 1.000000
r: 0.000000, 1.314759, 0.000000
c: 0.700000, 0.300000, 0.200000
f: 3
