139
p: 16330.117188, 883.785889, 22271.275391
s: 1.000000, 1.000000, 1.000000
r: 0.000000, 2.596235, 0.000000
c: 0.700000, 0.300000, 0.200000
f: 7
m: tree_001
