14
p: 18161.103516, 428.661224, 19660.238281
s: 1.000000, 1.000000, 1.000000
r: 0.000000, 1.036311, 0.000000
c: 0.700000, 0.300000, 0.200000
f: 3
