140
p: 16344.991211, 867.000000, 22065.642578
s: 1.000000, 1.000000, 1.000000
r: 0.000000, -0.808118, 0.000000
c: 0.700000, 0.300000, 0.200000
f: 3
