140
p: 15432.227539, 625.259766, 21983.605469
s: 1.000000, 1.000000, 1.000000
r: 0.000000, -1.800270, 0.000000
c: 0.700000, 0.300000, 0.200000
f: 7
m: tree_002
