141
p: 20365.636719, 820.388550, 22951.390625
s: 1.000000, 1.000000, 1.000000
r: 0.000000, 2.211966, 0.000000
c: 0.700000, 0.300000, 0.200000
f: 3
