142
p: 22460.226562, 850.875244, 24034.617188
s: 1.000000, 1.000000, 1.000000
r: 0.000000, -1.097909, 0.000000
c: 0.700000, 0.300000, 0.200000
f: 3
