143
p: 21250.923828, 695.872253, 22695.929688
s: 1.000000, 1.000000, 1.000000
r: 0.000000, 1.159130, 0.000000
c: 0.700000, 0.300000, 0.200000
f: 3
