144
p: 18483.753906, 629.696045, 24643.726562
s: 1.000000, 1.000000, 1.000000
r: 0.000000, -2.655201, 0.000000
c: 0.700000, 0.300000, 0.200000
f: 3
