145
p: 17214.212891, 682.196472, 24323.261719
s: 1.000000, 1.000000, 1.000000
r: 0.000000, -2.773256, 0.000000
c: 0.700000, 0.300000, 0.200000
f: 3
