145
p: 17337.117188, 643.664551, 24162.783203
s: 1.000000, 1.000000, 1.000000
r: 0.000000, 2.590075, 0.000000
c: 0.700000, 0.300000, 0.200000
f: 7
m: tree_001
