146
p: 16697.132812, 801.533081, 23578.208984
s: 1.000000, 1.000000, 1.000000
r: 0.000000, -1.446953, 0.000000
c: 0.700000, 0.300000, 0.200000
f: 3
