147
p: 16934.699219, 935.939453, 22766.015625
s: 1.000000, 1.000000, 1.000000
r: 0.000000, -3.014878, 0.000000
c: 0.700000, 0.300000, 0.200000
f: 3
