148
p: 24212.599609, 640.988403, 16914.781250
s: 1.000000, 1.000000, 1.000000
r: 0.000000, 2.835175, 0.000000
c: 0.700000, 0.300000, 0.200000
f: 3
