149
p: 22454.294922, 602.548218, 15288.578125
s: 1.000000, 1.000000, 1.000000
r: 0.000000, -2.111385, 0.000000
c: 0.700000, 0.300000, 0.200000
f: 7
m: tree_001
