149
p: 22455.630859, 602.403809, 15289.642578
s: 1.000000, 1.000000, 1.000000
r: 0.000000, -0.887559, 0.000000
c: 0.700000, 0.300000, 0.200000
f: 3
