15
p: 20098.421875, 801.326172, 20588.876953
s: 1.000000, 1.000000, 1.000000
r: 0.000000, 2.531910, 0.000000
c: 0.700000, 0.300000, 0.200000
f: 7
m: tree_001
