15
p: 20056.712891, 742.533081, 22396.888672
s: 1.000000, 1.000000, 1.000000
r: 0.000000, 0.284381, 0.000000
c: 0.700000, 0.300000, 0.200000
f: 3
