15
p: 20006.873047, 799.461487, 20593.888672
s: 1.000000, 1.000000, 1.000000
r: 0.000000, 2.531910, 0.000000
c: 0.700000, 0.300000, 0.200000
f: 7
m: tree_001
