15
t: 2
p: 19935.595703, 1229.388428, 21474.166016
s: 200.000000, 0.000000, 0.000000
r: 0.000000, 0.000000, 0.000000
c: 0.125714, 0.640000, 0.440000, 0.125714
f: 9
m: sphere
