151
p: 23590.302734, 576.127686, 15397.185547
s: 1.000000, 1.000000, 1.000000
r: 0.000000, 2.402625, 0.000000
c: 0.700000, 0.300000, 0.200000
f: 7
m: tree_001
