152
p: 25598.376953, 342.553986, 17853.431641
s: 1.000000, 1.000000, 1.000000
r: 0.000000, 0.942259, 0.000000
c: 0.700000, 0.300000, 0.200000
f: 3
