152
p: 25623.117188, 348.525085, 17927.177734
s: 1.000000, 1.000000, 1.000000
r: 0.000000, -1.111559, 0.000000
c: 0.700000, 0.300000, 0.200000
f: 7
m: tree_002
