153
p: 24654.927734, 494.159210, 17171.990234
s: 1.000000, 1.000000, 1.000000
r: 0.000000, 2.915736, 0.000000
c: 0.700000, 0.300000, 0.200000
f: 3
