154
p: 25163.125000, 354.908905, 17277.224609
s: 1.000000, 1.000000, 1.000000
r: 0.000000, 2.215290, 0.000000
c: 0.700000, 0.300000, 0.200000
f: 3
