154
p: 25165.261719, 376.762695, 17407.085938
s: 1.000000, 1.000000, 1.000000
r: 0.000000, -1.258223, 0.000000
c: 0.700000, 0.300000, 0.200000
f: 7
m: tree_002
