155
p: 25452.984375, 764.257446, 20884.898438
s: 1.000000, 1.000000, 1.000000
r: 0.000000, -1.780084, 0.000000
c: 0.700000, 0.300000, 0.200000
f: 3
