156
p: 24679.484375, 839.187561, 22221.527344
s: 1.000000, 1.000000, 1.000000
r: 0.000000, 2.664021, 0.000000
c: 0.700000, 0.300000, 0.200000
f: 3
