156
p: 25055.390625, 872.746582, 22037.046875
s: 1.000000, 1.000000, 1.000000
r: 0.000000, -0.339828, 0.000000
c: 0.700000, 0.300000, 0.200000
f: 7
m: tree_002
