157
p: 24393.841797, 838.263794, 22406.755859
s: 1.000000, 1.000000, 1.000000
r: 0.000000, 0.225718, 0.000000
c: 0.700000, 0.300000, 0.200000
f: 3
