157
p: 24445.384766, 903.247681, 22822.525391
s: 1.000000, 1.000000, 1.000000
r: 0.000000, -0.066930, 0.000000
c: 0.700000, 0.300000, 0.200000
f: 7
m: tree_001
