158
p: 25668.068359, 827.437073, 21951.054688
s: 1.000000, 1.000000, 1.000000
r: 0.000000, -0.195286, 0.000000
c: 0.700000, 0.300000, 0.200000
f: 7
m: tree_002
