158
p: 24609.714844, 781.226440, 21812.115234
s: 1.000000, 1.000000, 1.000000
r: 0.000000, -1.401718, 0.000000
c: 0.700000, 0.300000, 0.200000
f: 3
