159
p: 23934.759766, 820.755066, 22690.326172
s: 1.000000, 1.000000, 1.000000
r: 0.000000, -3.007473, 0.000000
c: 0.700000, 0.300000, 0.200000
f: 3
