16
p: 19602.072266, 753.627808, 21646.908203
s: 1.000000, 1.000000, 1.000000
r: 0.000000, -1.917239, 0.000000
c: 0.700000, 0.300000, 0.200000
f: 3
