160
p: 22607.914062, 596.118652, 23069.810547
s: 1.000000, 1.000000, 1.000000
r: 0.000000, 1.618431, 0.000000
c: 0.700000, 0.300000, 0.200000
f: 3
