161
p: 21501.357422, 943.369751, 24663.410156
s: 1.000000, 1.000000, 1.000000
r: 0.000000, -1.979473, 0.000000
c: 0.700000, 0.300000, 0.200000
f: 7
m: tree_001
