161
p: 21836.923828, 901.032349, 24477.468750
s: 1.000000, 1.000000, 1.000000
r: 0.000000, 1.066855, 0.000000
c: 0.700000, 0.300000, 0.200000
f: 3
