162
p: 21846.361328, 843.296570, 24149.242188
s: 1.000000, 1.000000, 1.000000
r: 0.000000, -1.584145, 0.000000
c: 0.700000, 0.300000, 0.200000
f: 3
