162
p: 22763.320312, 880.716736, 24715.232422
s: 1.000000, 1.000000, 1.000000
r: 0.000000, 0.465402, 0.000000
c: 0.700000, 0.300000, 0.200000
f: 7
m: tree_002
