163
p: 22196.205078, 877.234497, 24947.835938
s: 1.000000, 1.000000, 1.000000
r: 0.000000, -2.872422, 0.000000
c: 0.700000, 0.300000, 0.200000
f: 3
