164
p: 21115.283203, 833.380188, 23234.365234
s: 1.000000, 1.000000, 1.000000
r: 0.000000, -3.081823, 0.000000
c: 0.700000, 0.300000, 0.200000
f: 3
