165
p: 25882.925781, 601.702332, 19968.730469
s: 1.000000, 1.000000, 1.000000
r: 0.000000, 2.384895, 0.000000
c: 0.700000, 0.300000, 0.200000
f: 3
