166
p: 25717.580078, 333.921265, 18462.023438
s: 1.000000, 1.000000, 1.000000
r: 0.000000, 2.484948, 0.000000
c: 0.700000, 0.300000, 0.200000
f: 3
