167
p: 16982.361328, 610.124390, 15421.510742
s: 1.000000, 1.000000, 1.000000
r: 0.000000, 0.186568, 0.000000
c: 0.700000, 0.300000, 0.200000
f: 3
