168
p: 16099.747070, 334.215912, 17022.050781
s: 1.000000, 1.000000, 1.000000
r: 0.000000, -0.526762, 0.000000
c: 0.700000, 0.300000, 0.200000
f: 7
m: tree_002
