169
p: 16534.716797, 503.891418, 16126.499023
s: 1.000000, 1.000000, 1.000000
r: 0.000000, -0.283671, 0.000000
c: 0.700000, 0.300000, 0.200000
f: 7
m: tree_001
