171
p: 18793.626953, 467.153015, 18338.199219
s: 1.000000, 1.000000, 1.000000
r: 0.000000, -2.746096, 0.000000
c: 0.700000, 0.300000, 0.200000
f: 3
