171
p: 17892.849609, 558.657104, 16508.914062
s: 1.000000, 1.000000, 1.000000
r: 0.000000, -1.232368, 0.000000
c: 0.700000, 0.300000, 0.200000
f: 7
m: tree_001
