172
p: 20103.294922, 294.855377, 14317.127930
s: 1.000000, 1.000000, 1.000000
r: 0.000000, 2.637869, 0.000000
c: 0.700000, 0.300000, 0.200000
f: 3
