173
p: 20814.867188, 390.081665, 14072.689453
s: 1.000000, 1.000000, 1.000000
r: 0.000000, 0.508659, 0.000000
c: 0.700000, 0.300000, 0.200000
f: 3
