175
p: 17444.888672, 570.142029, 14656.154297
s: 1.000000, 1.000000, 1.000000
r: 0.000000, 1.825453, 0.000000
c: 0.700000, 0.300000, 0.200000
f: 3
