175
p: 17444.847656, 570.119263, 14656.380859
s: 1.000000, 1.000000, 1.000000
r: 0.000000, 2.781612, 0.000000
c: 0.700000, 0.300000, 0.200000
f: 7
m: tree_001
