176
p: 18276.943359, 536.897400, 15776.116211
s: 1.000000, 1.000000, 1.000000
r: 0.000000, -2.624225, 0.000000
c: 0.700000, 0.300000, 0.200000
f: 7
m: tree_002
