176
p: 18612.757812, 662.639771, 16867.482422
s: 1.000000, 1.000000, 1.000000
r: 0.000000, -0.414947, 0.000000
c: 0.700000, 0.300000, 0.200000
f: 3
