177
p: 18165.755859, 459.673889, 14074.580078
s: 1.000000, 1.000000, 1.000000
r: 0.000000, 0.326930, 0.000000
c: 0.700000, 0.300000, 0.200000
f: 3
