177
p: 18163.804688, 459.760498, 14074.107422
s: 1.000000, 1.000000, 1.000000
r: 0.000000, 2.614190, 0.000000
c: 0.700000, 0.300000, 0.200000
f: 7
m: tree_001
