178
p: 21774.564453, 348.385864, 14159.954102
s: 1.000000, 1.000000, 1.000000
r: 0.000000, -3.069754, 0.000000
c: 0.700000, 0.300000, 0.200000
f: 3
