18
p: 18451.083984, 371.080170, 19610.697266
s: 1.000000, 1.000000, 1.000000
r: 0.000000, -1.326754, 0.000000
c: 0.700000, 0.300000, 0.200000
f: 3
