180
p: 22102.384766, 248.573730, 17267.486328
s: 1.000000, 1.000000, 1.000000
r: 0.000000, 2.256715, 0.000000
c: 0.700000, 0.300000, 0.200000
f: 3
