181
p: 14641.954102, 473.440521, 19911.623047
s: 1.000000, 1.000000, 1.000000
r: 0.000000, -2.973930, 0.000000
c: 0.700000, 0.300000, 0.200000
f: 3
