182
p: 14593.166016, 678.415466, 18918.666016
s: 1.000000, 1.000000, 1.000000
r: 0.000000, -0.099195, 0.000000
c: 0.700000, 0.300000, 0.200000
f: 3
