183
p: 14467.857422, 594.369934, 19419.140625
s: 1.000000, 1.000000, 1.000000
r: 0.000000, -2.129025, 0.000000
c: 0.700000, 0.300000, 0.200000
f: 3
