184
p: 15148.661133, 606.642944, 17650.583984
s: 1.000000, 1.000000, 1.000000
r: 0.000000, 1.170387, 0.000000
c: 0.700000, 0.300000, 0.200000
f: 7
m: tree_002
