184
p: 15087.656250, 593.272339, 17599.929688
s: 1.000000, 1.000000, 1.000000
r: 0.000000, 0.227251, 0.000000
c: 0.700000, 0.300000, 0.200000
f: 3
