185
p: 13445.747070, 607.848877, 18509.136719
s: 1.000000, 1.000000, 1.000000
r: 0.000000, -0.774579, 0.000000
c: 0.700000, 0.300000, 0.200000
f: 3
