186
p: 14242.788086, 498.132233, 21390.046875
s: 1.000000, 1.000000, 1.000000
r: 0.000000, 0.411431, 0.000000
c: 0.700000, 0.300000, 0.200000
f: 3
