187
p: 14265.859375, 484.887604, 20828.640625
s: 1.000000, 1.000000, 1.000000
r: 0.000000, -2.865687, 0.000000
c: 0.700000, 0.300000, 0.200000
f: 3
