189
p: 16490.203125, 915.408020, 22475.498047
s: 1.000000, 1.000000, 1.000000
r: 0.000000, -1.265036, 0.000000
c: 0.700000, 0.300000, 0.200000
f: 3
