189
p: 15785.739258, 820.946106, 22987.970703
s: 1.000000, 1.000000, 1.000000
r: 0.000000, -0.796993, 0.000000
c: 0.700000, 0.300000, 0.200000
f: 7
m: tree_001
