191
p: 15217.375977, 806.661194, 22857.583984
s: 1.000000, 1.000000, 1.000000
r: 0.000000, 0.434683, 0.000000
c: 0.700000, 0.300000, 0.200000
f: 3
