192
p: 20076.595703, 769.280945, 22713.736328
s: 1.000000, 1.000000, 1.000000
r: 0.000000, -1.631528, 0.000000
c: 0.700000, 0.300000, 0.200000
f: 3
