193
p: 18527.255859, 598.231323, 24372.050781
s: 1.000000, 1.000000, 1.000000
r: 0.000000, 2.016071, 0.000000
c: 0.700000, 0.300000, 0.200000
f: 7
m: tree_001
