193
p: 18764.810547, 591.241394, 24364.714844
s: 1.000000, 1.000000, 1.000000
r: 0.000000, -1.268524, 0.000000
c: 0.700000, 0.300000, 0.200000
f: 3
