194
p: 19752.787109, 703.235107, 22546.855469
s: 1.000000, 1.000000, 1.000000
r: 0.000000, -1.234343, 0.000000
c: 0.700000, 0.300000, 0.200000
f: 3
