195
p: 18227.667969, 690.420288, 25500.011719
s: 1.000000, 1.000000, 1.000000
r: 0.000000, 1.476533, 0.000000
c: 0.700000, 0.300000, 0.200000
f: 3
