196
p: 17384.361328, 671.184937, 25084.001953
s: 1.000000, 1.000000, 1.000000
r: 0.000000, -0.901527, 0.000000
c: 0.700000, 0.300000, 0.200000
f: 7
m: tree_002
