196
p: 18048.015625, 669.702820, 25187.396484
s: 1.000000, 1.000000, 1.000000
r: 0.000000, -2.496087, 0.000000
c: 0.700000, 0.300000, 0.200000
f: 3
