197
p: 16449.099609, 899.882202, 24469.445312
s: 1.000000, 1.000000, 1.000000
r: 0.000000, 3.075554, 0.000000
c: 0.700000, 0.300000, 0.200000
f: 7
m: tree_001
