199
p: 16273.681641, 856.848999, 22244.843750
s: 1.000000, 1.000000, 1.000000
r: 0.000000, -3.062836, 0.000000
c: 0.700000, 0.300000, 0.200000
f: 3
