199
p: 15722.567383, 742.976807, 22406.548828
s: 1.000000, 1.000000, 1.000000
r: 0.000000, 1.068675, 0.000000
c: 0.700000, 0.300000, 0.200000
f: 7
m: tree_001
