2
p: 20392.505859, 726.051025, 22640.548828
s: 123.428574, 126.857140, 126.857140
r: 2.190139, 1.974715, 2.082427
c: 0.265688, 0.450000, 0.500000
f: 21
m: rock
