2
p: 22004.232422, 519.350525, 19475.457031
s: 1.000000, 1.000000, 1.000000
r: 0.000000, -1.182324, 0.000000
c: 0.700000, 0.300000, 0.200000
f: 3
