20
p: 22276.150391, 547.116089, 19010.269531
s: 1.000000, 1.000000, 1.000000
r: 0.000000, -0.504088, 0.000000
c: 0.700000, 0.300000, 0.200000
f: 3
