200
p: 15464.947266, 920.474854, 23489.400391
s: 1.000000, 1.000000, 1.000000
r: 0.000000, 1.059660, 0.000000
c: 0.700000, 0.300000, 0.200000
f: 3
