21
p: 22438.195312, 441.358582, 20805.066406
s: 1.000000, 1.000000, 1.000000
r: 0.000000, -2.477288, 0.000000
c: 0.700000, 0.300000, 0.200000
f: 3
