21
p: 22408.058594, 443.722717, 20985.900391
s: 1.000000, 1.000000, 1.000000
r: 0.000000, 2.565757, 0.000000
c: 0.700000, 0.300000, 0.200000
f: 7
m: tree_001
