22
p: 22532.566406, 389.581482, 20164.818359
s: 1.000000, 1.000000, 1.000000
r: 0.000000, 2.892969, 0.000000
c: 0.700000, 0.300000, 0.200000
f: 3
