22
p: 22486.232422, 395.122620, 20149.294922
s: 1.000000, 1.000000, 1.000000
r: 0.000000, 1.170651, 0.000000
c: 0.700000, 0.300000, 0.200000
f: 7
m: tree_002
