23
p: 22032.494141, 462.149719, 21308.121094
s: 1.000000, 1.000000, 1.000000
r: 0.000000, 2.469987, 0.000000
c: 0.700000, 0.300000, 0.200000
f: 7
m: tree_001
