23
p: 21844.833984, 426.396240, 20853.765625
s: 1.000000, 1.000000, 1.000000
r: 0.000000, 2.832592, 0.000000
c: 0.700000, 0.300000, 0.200000
f: 3
