24
p: 20716.472656, 678.617981, 21240.207031
s: 1.000000, 1.000000, 1.000000
r: 0.000000, -0.316831, 0.000000
c: 0.700000, 0.300000, 0.200000
f: 3
