24
p: 20968.261719, 677.391968, 22143.634766
s: 1.000000, 1.000000, 1.000000
r: 0.000000, 0.065365, 0.000000
c: 0.700000, 0.300000, 0.200000
f: 7
m: tree_002
