25
p: 20186.962891, 736.549072, 22257.099609
s: 1.000000, 1.000000, 1.000000
r: 0.000000, -3.118798, 0.000000
c: 0.700000, 0.300000, 0.200000
f: 3
