252
p: 20000.000000, 670.943542, 20000.000000
s: 111.287346, 126.321899, 112.132263
r: 0.218306, -1.100138, -0.028480
c: 0.337149, 0.450000, 0.500000
f: 17
m: rock
