254
p: 20179.583984, 360.788849, 14903.162109
s: 91.305092, 84.733215, 31.192520
r: -0.323160, 2.546312, -0.075693
c: 0.333947, 0.450000, 0.500000
f: 1
m: rock
