254
p: 20177.957031, 360.669830, 14903.986328
s: 91.305092, 84.733215, 31.192520
r: -0.323160, 2.546312, -0.075693
c: 0.333947, 0.450000, 0.500000
f: 5
m: rock
