255
p: 15007.707031, 697.471680, 18957.400391
s: 38.488094, 89.362846, 41.400200
r: -0.718592, 2.336624, 0.025641
c: 0.245093, 0.450000, 0.500000
f: 1
m: rock
