256
p: 24878.814453, 799.038940, 21485.652344
s: 49.618393, 56.298923, 36.043064
r: -0.092850, 1.408590, -0.389180
c: 0.285783, 0.450000, 0.500000
f: 1
m: rock
