256
p: 24879.212891, 798.770935, 21485.470703
s: 49.618393, 56.298923, 36.043064
r: -0.092850, 1.408590, -0.389180
c: 0.285783, 0.450000, 0.500000
f: 5
m: rock
