259
p: 22484.005859, 616.249146, 15545.820312
s: 77.708611, 68.631798, 114.621567
r: -0.403090, 0.148056, -0.213516
c: 0.373333, 0.450000, 0.500000
f: 1
m: rock
