26
p: 21042.757812, 771.216919, 18278.302734
s: 1.000000, 1.000000, 1.000000
r: 0.000000, 0.088949, 0.000000
c: 0.700000, 0.300000, 0.200000
f: 7
m: tree_002
