26
p: 21176.996094, 764.385254, 18317.042969
s: 1.000000, 1.000000, 1.000000
r: 0.000000, 2.986088, 0.000000
c: 0.700000, 0.300000, 0.200000
f: 3
