260
p: 24815.402344, 805.486145, 21681.089844
s: 98.388077, 128.380203, 105.986679
r: -0.669594, -0.696219, -0.579296
c: 0.404349, 0.450000, 0.500000
f: 5
m: rock
