260
p: 24814.964844, 805.909546, 21681.101562
s: 98.388077, 128.380203, 105.986679
r: -0.669594, -0.696219, -0.579296
c: 0.404349, 0.450000, 0.500000
f: 1
m: rock
