261
p: 17575.396484, 533.003601, 15513.208984
s: 32.168076, 68.814919, 92.413284
r: 0.050019, 2.640988, 0.173282
c: 0.299352, 0.450000, 0.500000
f: 1
m: rock
