262
p: 20669.876953, 745.011597, 22528.101562
s: 90.365768, 97.406204, 125.994614
r: 0.063193, -1.018555, 0.200372
c: 0.217243, 0.450000, 0.500000
f: 5
m: rock
