262
p: 20670.203125, 745.259216, 22527.480469
s: 90.365768, 97.406204, 125.994614
r: 0.063193, -1.018555, 0.200372
c: 0.217243, 0.450000, 0.500000
f: 1
m: rock
