265
p: 29372.007812, 754.213135, 22785.917969
s: 72.230263, 93.952026, 71.771881
r: -0.150566, 1.136248, 0.119659
c: 0.200497, 0.450000, 0.500000
f: 1
m: rock
