268
p: 24654.572266, 416.097656, 14919.738281
s: 111.349785, 75.881844, 66.125656
r: -0.111300, 0.822544, -0.013447
c: 0.313265, 0.450000, 0.500000
f: 1
m: rock
