269
p: 21670.921875, 334.107178, 16225.143555
s: 54.843201, 69.620811, 36.965839
r: -0.001948, 0.088257, -0.168851
c: 0.346896, 0.450000, 0.500000
f: 1
m: rock
