269
p: 21667.537109, 339.407196, 16223.949219
s: 54.843201, 69.620811, 36.965839
r: -0.001948, 0.088257, -0.168851
c: 0.346896, 0.450000, 0.500000
f: 5
m: rock
