27
p: 22656.882812, 399.878906, 19678.638672
s: 1.000000, 1.000000, 1.000000
r: 0.000000, -2.899791, 0.000000
c: 0.700000, 0.300000, 0.200000
f: 3
