271
p: 20183.431641, 713.900085, 20056.189453
s: 108.139297, 117.154327, 32.641350
r: 0.181672, 0.731120, -0.563882
c: 0.421688, 0.450000, 0.500000
f: 1
m: rock
