272
p: 19307.810547, 439.863129, 9878.222656
s: 38.884102, 45.088837, 128.061752
r: -0.513006, -2.103215, -0.175085
c: 0.403800, 0.450000, 0.500000
f: 1
m: rock
