273
p: 17221.384766, 572.195740, 10748.759766
s: 90.096001, 63.515358, 122.595993
r: -0.142614, -1.010349, 0.150708
c: 0.360880, 0.450000, 0.500000
f: 1
m: rock
