274
p: 16726.763672, 475.482361, 11149.759766
s: 50.356567, 62.747128, 110.933731
r: -0.216786, 1.478152, -0.314810
c: 0.210676, 0.450000, 0.500000
f: 1
m: rock
