275
p: 19454.328125, 565.813354, 19951.330078
s: 54.476898, 113.198402, 45.493229
r: 0.196725, 0.725430, 0.216397
c: 0.236752, 0.450000, 0.500000
f: 1
m: rock
