276
p: 20707.201172, 286.833069, 9830.527344
s: 53.541618, 93.973312, 129.512085
r: 0.246215, -0.750024, -0.501343
c: 0.492007, 0.450000, 0.500000
f: 1
m: rock
