277
p: 20570.957031, 638.404175, 19988.123047
s: 47.843410, 124.189140, 66.778786
r: -0.339960, 0.302852, -0.145113
c: 0.256483, 0.450000, 0.500000
f: 17
m: rock
