277
p: 20614.365234, 611.189819, 19705.722656
s: 47.843410, 124.189140, 66.778786
r: -0.339960, 0.302852, -0.145113
c: 0.256483, 0.450000, 0.500000
f: 1
m: rock
