28
p: 19541.187500, 564.657959, 17379.144531
s: 1.000000, 1.000000, 1.000000
r: 0.000000, -3.086491, 0.000000
c: 0.700000, 0.300000, 0.200000
f: 7
m: tree_002
