28
p: 19068.189453, 323.503754, 18652.314453
s: 1.000000, 1.000000, 1.000000
r: 0.000000, 1.886697, 0.000000
c: 0.700000, 0.300000, 0.200000
f: 3
