280
p: 24472.007812, 284.079498, 12149.054688
s: 120.782539, 112.202026, 99.511108
r: -0.018026, -1.374607, -0.210789
c: 0.382283, 0.450000, 0.500000
f: 1
m: rock
