281
p: 19219.410156, 652.082947, 16082.056641
s: 82.705780, 56.054985, 36.146309
r: -0.740286, -1.535504, -0.596170
c: 0.237780, 0.450000, 0.500000
f: 21
m: rock
