281
p: 19219.558594, 652.228210, 16081.587891
s: 82.705780, 56.054985, 36.146309
r: -0.740286, -1.535504, -0.596170
c: 0.237780, 0.450000, 0.500000
f: 1
m: rock
