283
p: 20090.130859, 524.456421, 18530.156250
s: 35.220013, 62.701286, 40.437077
r: -0.590699, -0.777152, -0.067752
c: 0.486209, 0.450000, 0.500000
f: 5
m: rock
