283
p: 20089.753906, 524.771240, 18529.861328
s: 35.220013, 62.701286, 40.437077
r: -0.590699, -0.777152, -0.067752
c: 0.486209, 0.450000, 0.500000
f: 17
m: rock
