284
p: 14491.254883, 809.983154, 24031.183594
s: 84.582710, 101.551102, 89.358864
r: -0.306522, 0.197380, -0.275895
c: 0.307077, 0.450000, 0.500000
f: 1
m: rock
