285
p: 19835.126953, 567.024475, 17313.472656
s: 59.069103, 94.385132, 50.846268
r: -0.118802, 0.305782, -0.308726
c: 0.451430, 0.450000, 0.500000
f: 5
m: rock
