287
p: 14144.073242, 790.171204, 23983.744141
s: 79.647499, 55.454517, 44.074459
r: -0.256091, -2.356113, -0.657204
c: 0.277704, 0.450000, 0.500000
f: 1
m: rock
