288
p: 9996.531250, 584.578613, 18009.708984
s: 92.433563, 50.906025, 97.621010
r: -0.686473, 1.292592, -0.673040
c: 0.275458, 0.450000, 0.500000
f: 1
m: rock
