289
p: 19761.037109, 571.317871, 17109.199219
s: 76.084984, 80.311157, 109.541977
r: -0.129619, 1.490530, -0.205448
c: 0.327301, 0.450000, 0.500000
f: 1
m: rock
