289
p: 19778.392578, 580.904541, 17179.775391
s: 76.084984, 80.311157, 109.541977
r: -0.129619, 1.490530, -0.205448
c: 0.327301, 0.450000, 0.500000
f: 5
m: rock
