29
p: 20412.648438, 639.080566, 17489.933594
s: 1.000000, 1.000000, 1.000000
r: 0.000000, -0.669654, 0.000000
c: 0.700000, 0.300000, 0.200000
f: 7
m: tree_001
