29
p: 18191.615234, 744.553162, 17770.716797
s: 1.000000, 1.000000, 1.000000
r: 0.000000, -1.512998, 0.000000
c: 0.700000, 0.300000, 0.200000
f: 3
