290
p: 15376.350586, 388.214722, 13870.741211
s: 57.879604, 102.513412, 62.832676
r: -0.562206, -1.518894, -0.164620
c: 0.443914, 0.450000, 0.500000
f: 1
m: rock
