291
p: 27274.238281, 313.205383, 16983.214844
s: 78.902962, 42.004196, 84.545120
r: -0.351058, -2.995313, -0.463934
c: 0.469374, 0.450000, 0.500000
f: 1
m: rock
