292
p: 29953.488281, 832.838257, 21993.279297
s: 120.342194, 111.261688, 95.128868
r: -0.541483, 0.243977, -0.632512
c: 0.273376, 0.450000, 0.500000
f: 1
m: rock
