295
p: 29978.785156, 829.975952, 21468.283203
s: 43.661446, 37.895977, 37.660847
r: -0.191821, -1.201805, 0.021029
c: 0.335555, 0.450000, 0.500000
f: 1
m: rock
