3
p: 20594.025391, 663.669250, 18920.371094
s: 1.000000, 1.000000, 1.000000
r: 0.000000, 2.397549, 0.000000
c: 0.700000, 0.300000, 0.200000
f: 3
