30
p: 19002.619141, 509.002960, 18004.111328
s: 1.000000, 1.000000, 1.000000
r: 0.000000, -1.684876, 0.000000
c: 0.700000, 0.300000, 0.200000
f: 7
m: tree_002
