30
p: 18381.669922, 647.261719, 18179.351562
s: 1.000000, 1.000000, 1.000000
r: 0.000000, -0.911542, 0.000000
c: 0.700000, 0.300000, 0.200000
f: 3
