300
p: 24261.326172, 749.066833, 26548.132812
s: 32.939224, 129.501556, 52.534996
r: -0.293141, -0.496718, 0.070895
c: 0.234103, 0.450000, 0.500000
f: 1
m: rock
