303
p: 20708.605469, 594.631958, 19589.945312
s: 73.715820, 61.685318, 65.152649
r: -0.645164, 3.015120, -0.055107
c: 0.252792, 0.450000, 0.500000
f: 17
m: rock
