303
p: 20710.162109, 600.025818, 19566.476562
s: 73.715820, 61.685318, 65.152649
r: -0.645164, 3.015120, -0.055107
c: 0.252792, 0.450000, 0.500000
f: 1
m: rock
