308
p: 20547.152344, 608.729065, 19697.101562
s: 50.742931, 56.417179, 123.540138
r: -0.458469, 1.623102, -0.586083
c: 0.312593, 0.450000, 0.500000
f: 1
m: rock
