308
p: 20546.708984, 608.501221, 19697.072266
s: 50.742931, 56.417179, 123.540138
r: -0.458469, 1.623102, -0.586083
c: 0.312593, 0.450000, 0.500000
f: 5
m: rock
