309
p: 16686.550781, 514.376831, 10419.884766
s: 124.852959, 123.641479, 62.267296
r: -0.585661, -2.863694, -0.393399
c: 0.450862, 0.450000, 0.500000
f: 1
m: rock
