31
p: 18233.982422, 603.004822, 18587.828125
s: 1.000000, 1.000000, 1.000000
r: 0.000000, -1.879228, 0.000000
c: 0.700000, 0.300000, 0.200000
f: 3
