310
p: 20495.330078, 926.433411, 26168.005859
s: 69.863525, 116.267502, 127.859558
r: -0.494350, 1.363696, -0.476114
c: 0.237091, 0.450000, 0.500000
f: 1
m: rock
