311
p: 21305.439453, 861.277100, 23504.660156
s: 50.523495, 68.375282, 103.356491
r: -0.724029, -0.047438, -0.141957
c: 0.492004, 0.450000, 0.500000
f: 1
m: rock
