314
p: 18351.808594, 1085.714844, 28035.316406
s: 112.688148, 69.681023, 49.003036
r: 0.090274, -0.048823, 0.151411
c: 0.348273, 0.450000, 0.500000
f: 1
m: rock
