315
p: 19536.818359, 614.767639, 19908.550781
s: 32.219715, 36.740490, 117.420876
r: 0.076156, -1.910718, -0.263162
c: 0.430831, 0.450000, 0.500000
f: 1
m: rock
