316
p: 19195.357422, 1079.069824, 27540.835938
s: 58.372463, 85.905060, 126.357201
r: 0.003061, 1.219164, -0.086358
c: 0.480209, 0.450000, 0.500000
f: 1
m: rock
