317
p: 18784.960938, 594.549805, 22021.652344
s: 112.984467, 50.000496, 78.294304
r: 0.074324, -0.510610, -0.088643
c: 0.275047, 0.450000, 0.500000
f: 5
m: rock
