317
p: 18785.193359, 594.930542, 22021.398438
s: 112.984467, 50.000496, 78.294304
r: 0.074324, -0.510610, -0.088643
c: 0.275047, 0.450000, 0.500000
f: 1
m: rock
