317
p: 12363.565430, 1032.789062, 26761.611328
s: 112.984467, 50.000496, 78.294304
r: 0.074324, -0.510610, -0.088643
c: 0.275047, 0.450000, 0.500000
f: 1
m: rock
