318
p: 11106.352539, 736.493103, 23416.845703
s: 72.497421, 84.165474, 89.082771
r: -0.709128, 2.724226, -0.172335
c: 0.307897, 0.450000, 0.500000
f: 1
m: rock
