318
p: 14560.201172, 413.850250, 20896.619141
s: 72.497421, 84.165474, 89.082771
r: -0.709128, 2.724226, -0.172335
c: 0.307897, 0.450000, 0.500000
f: 5
m: rock
