319
p: 11852.642578, 909.483398, 20752.371094
s: 111.047379, 93.268600, 85.329041
r: -0.598827, 1.652272, -0.558371
c: 0.430734, 0.450000, 0.500000
f: 1
m: rock
