32
p: 17993.990234, 563.652466, 18853.855469
s: 1.000000, 1.000000, 1.000000
r: 0.000000, 2.978831, 0.000000
c: 0.700000, 0.300000, 0.200000
f: 7
m: tree_002
