32
p: 18127.906250, 552.306213, 18855.218750
s: 1.000000, 1.000000, 1.000000
r: 0.000000, 1.393437, 0.000000
c: 0.700000, 0.300000, 0.200000
f: 3
