320
p: 18179.800781, 382.740112, 12810.165039
s: 100.196243, 118.309761, 52.173817
r: 0.003535, 1.023580, -0.258231
c: 0.349987, 0.450000, 0.500000
f: 1
m: rock
