324
p: 22415.869141, 402.039764, 20645.365234
s: 96.696945, 105.611679, 35.449036
r: 0.069476, 2.724673, 0.024661
c: 0.427031, 0.450000, 0.500000
f: 1
m: rock
