324
p: 22286.091797, 429.993988, 20522.242188
s: 96.696945, 105.611679, 35.449036
r: 0.069476, 2.724673, 0.024661
c: 0.427031, 0.450000, 0.500000
f: 1
m: rock
