325
p: 17513.699219, 489.761963, 16688.648438
s: 102.593422, 107.563354, 37.296558
r: -0.417946, 2.051120, -0.674852
c: 0.210910, 0.450000, 0.500000
f: 1
m: rock
