326
p: 26066.818359, 384.836304, 19175.345703
s: 31.082626, 125.717232, 49.610561
r: 0.196970, 1.371551, -0.465881
c: 0.269172, 0.450000, 0.500000
f: 1
m: rock
