327
p: 19671.962891, 594.335449, 19926.621094
s: 48.500355, 65.418007, 100.376915
r: -0.502468, -1.442451, -0.685696
c: 0.266500, 0.450000, 0.500000
f: 5
m: rock
