328
p: 18802.304688, 290.155853, 12016.644531
s: 105.522278, 32.790054, 122.404770
r: -0.280378, 2.716438, -0.003125
c: 0.368781, 0.450000, 0.500000
f: 1
m: rock
