329
p: 24884.121094, 838.902832, 26780.632812
s: 102.911034, 45.748253, 110.870552
r: 0.162581, 1.555835, -0.519384
c: 0.395787, 0.450000, 0.500000
f: 1
m: rock
