33
p: 18553.003906, 384.659119, 20006.189453
s: 1.000000, 1.000000, 1.000000
r: 0.000000, 2.056227, 0.000000
c: 0.700000, 0.300000, 0.200000
f: 3
