33
p: 18426.376953, 356.121887, 20600.929688
s: 1.000000, 1.000000, 1.000000
r: 0.000000, 0.782638, 0.000000
c: 0.700000, 0.300000, 0.200000
f: 7
m: tree_001
