333
p: 29639.863281, 651.895264, 20028.722656
s: 79.080185, 120.695290, 45.768181
r: -0.592258, -2.084487, -0.080248
c: 0.270107, 0.450000, 0.500000
f: 1
m: rock
