334
p: 28278.294922, 674.180847, 25424.808594
s: 81.800781, 45.756783, 54.218327
r: -0.376154, -1.697242, -0.230287
c: 0.395903, 0.450000, 0.500000
f: 1
m: rock
