335
p: 29083.316406, 820.224304, 24472.371094
s: 112.345314, 107.626236, 94.056763
r: -0.730362, -2.787644, 0.032221
c: 0.249778, 0.450000, 0.500000
f: 1
m: rock
