34
p: 17530.785156, 453.549225, 20298.361328
s: 1.000000, 1.000000, 1.000000
r: 0.000000, 3.086449, 0.000000
c: 0.700000, 0.300000, 0.200000
f: 7
m: tree_002
