34
p: 17702.207031, 607.588440, 18945.072266
s: 1.000000, 1.000000, 1.000000
r: 0.000000, 1.493952, 0.000000
c: 0.700000, 0.300000, 0.200000
f: 3
