340
p: 19421.345703, 406.026276, 10759.003906
s: 110.157372, 35.017052, 51.558674
r: -0.383429, 2.886010, -0.413560
c: 0.237483, 0.450000, 0.500000
f: 1
m: rock
