342
p: 15392.109375, 508.160217, 10904.167969
s: 117.083527, 42.868088, 103.931450
r: -0.091097, -1.950771, -0.401587
c: 0.345254, 0.450000, 0.500000
f: 1
m: rock
