343
p: 17571.373047, 438.042236, 20613.207031
s: 108.295143, 36.446018, 68.175217
r: -0.640419, 1.411759, 0.089031
c: 0.386314, 0.450000, 0.500000
f: 1
m: rock
