344
p: 12558.309570, 430.194427, 16429.089844
s: 90.070724, 38.681252, 35.768211
r: -0.287212, -2.615003, -0.166600
c: 0.474208, 0.450000, 0.500000
f: 1
m: rock
