346
p: 17762.605469, 587.588257, 10416.646484
s: 121.639870, 121.299156, 94.997574
r: -0.608714, 0.575253, -0.496298
c: 0.378064, 0.450000, 0.500000
f: 1
m: rock
