348
p: 12841.478516, 518.473206, 17410.580078
s: 48.281593, 88.758781, 88.752251
r: -0.259194, 2.946964, -0.366121
c: 0.348975, 0.450000, 0.500000
f: 1
m: rock
