349
p: 18766.732422, 608.454651, 17796.345703
s: 115.538765, 79.877335, 118.346115
r: -0.418646, -2.701065, -0.373993
c: 0.216108, 0.450000, 0.500000
f: 5
m: rock
