349
p: 18762.445312, 608.073120, 17797.738281
s: 115.538765, 79.877335, 118.346115
r: -0.418646, -2.701065, -0.373993
c: 0.216108, 0.450000, 0.500000
f: 1
m: rock
