35
p: 20901.373047, 770.969727, 22767.478516
s: 1.000000, 1.000000, 1.000000
r: 0.000000, 1.243156, 0.000000
c: 0.700000, 0.300000, 0.200000
f: 3
