350
p: 25753.578125, 825.755249, 22116.015625
s: 85.612503, 109.385132, 56.025333
r: -0.672956, 2.393447, 0.021683
c: 0.332490, 0.450000, 0.500000
f: 1
m: rock
