350
p: 25754.103516, 825.517151, 22115.970703
s: 85.612503, 109.385132, 56.025333
r: -0.672956, 2.393447, 0.021683
c: 0.332490, 0.450000, 0.500000
f: 5
m: rock
