352
p: 15719.015625, 601.979614, 21330.500000
s: 88.531441, 67.885124, 65.326477
r: -0.429077, 1.583301, -0.051002
c: 0.431583, 0.450000, 0.500000
f: 17
m: rock
