352
p: 15710.562500, 613.107178, 21339.222656
s: 88.531441, 67.885124, 65.326477
r: -0.429077, 1.583301, -0.051002
c: 0.431583, 0.450000, 0.500000
f: 1
m: rock
