353
p: 24730.556641, 642.319397, 25613.503906
s: 36.364758, 102.483963, 67.936913
r: -0.693273, -0.519133, 0.112204
c: 0.219607, 0.450000, 0.500000
f: 1
m: rock
