355
p: 15927.886719, 991.447510, 24403.763672
s: 67.247459, 48.056858, 111.617577
r: -0.283798, -0.285636, -0.303333
c: 0.493154, 0.450000, 0.500000
f: 1
m: rock
