356
p: 24111.974609, 571.800232, 18759.949219
s: 43.077339, 120.805183, 92.572189
r: -0.242965, 1.444432, -0.514028
c: 0.340322, 0.450000, 0.500000
f: 5
m: rock
