357
p: 22267.035156, 288.834778, 17684.578125
s: 127.561340, 43.407909, 76.690712
r: -0.442792, -1.605725, -0.431286
c: 0.298717, 0.450000, 0.500000
f: 5
m: rock
