357
p: 22268.126953, 323.344604, 17684.275391
s: 127.561340, 43.407909, 76.690712
r: -0.442792, -1.605725, -0.431286
c: 0.298717, 0.450000, 0.500000
f: 1
m: rock
