358
p: 20404.865234, 617.395508, 17434.386719
s: 92.319359, 31.391922, 124.025345
r: 0.090671, -2.197366, -0.021512
c: 0.333779, 0.450000, 0.500000
f: 1
m: rock
