359
p: 24623.781250, 540.123535, 13947.442383
s: 100.610992, 88.881195, 46.204552
r: -0.251164, 2.747424, -0.118556
c: 0.422982, 0.450000, 0.500000
f: 1
m: rock
