36
p: 19554.951172, 685.370422, 22387.121094
s: 1.000000, 1.000000, 1.000000
r: 0.000000, 2.126638, 0.000000
c: 0.700000, 0.300000, 0.200000
f: 3
