360
p: 15811.270508, 725.962219, 18460.197266
s: 97.691994, 129.373169, 94.836304
r: -0.713372, 0.691497, -0.551893
c: 0.261602, 0.450000, 0.500000
f: 1
m: rock
