362
p: 22365.994141, 429.138367, 22141.238281
s: 87.848976, 97.771225, 60.941460
r: -0.418986, -0.895818, -0.488572
c: 0.311756, 0.450000, 0.500000
f: 1
m: rock
