364
p: 15869.652344, 567.308289, 15904.816406
s: 116.663742, 87.552734, 118.731369
r: -0.669215, 1.633522, -0.715193
c: 0.489455, 0.450000, 0.500000
f: 1
m: rock
