365
p: 15922.628906, 696.677368, 18860.671875
s: 30.563307, 97.468498, 72.981239
r: 0.106880, 0.511270, -0.645658
c: 0.276487, 0.450000, 0.500000
f: 1
m: rock
