365
p: 16306.905273, 551.508789, 19306.597656
s: 30.563307, 97.468498, 72.981239
r: 0.106880, 0.511270, -0.645658
c: 0.276487, 0.450000, 0.500000
f: 1
m: rock
