366
p: 21871.660156, 464.465088, 22276.945312
s: 98.385712, 88.722420, 77.706909
r: -0.650315, -0.588955, -0.654707
c: 0.221101, 0.450000, 0.500000
f: 5
m: rock
