366
p: 21872.332031, 464.780518, 22276.144531
s: 98.385712, 88.722420, 77.706909
r: -0.650315, -0.588955, -0.654707
c: 0.221101, 0.450000, 0.500000
f: 1
m: rock
