367
p: 18729.099609, 569.239807, 21966.740234
s: 89.652786, 114.352058, 34.978699
r: 0.019828, 0.012539, -0.708150
c: 0.237155, 0.450000, 0.500000
f: 5
m: rock
