368
p: 31748.044922, 556.362732, 12347.371094
s: 67.796539, 76.416862, 58.135563
r: -0.005819, -0.268161, -0.558433
c: 0.357901, 0.450000, 0.500000
f: 1
m: rock
