369
p: 23003.234375, 374.280701, 16836.488281
s: 96.531288, 121.383942, 119.954010
r: -0.179500, -0.662358, -0.001719
c: 0.248025, 0.450000, 0.500000
f: 1
m: rock
