37
p: 19207.544922, 615.771484, 21731.677734
s: 1.000000, 1.000000, 1.000000
r: 0.000000, -2.632130, 0.000000
c: 0.700000, 0.300000, 0.200000
f: 3
