371
p: 33097.398438, 526.814331, 15774.964844
s: 115.509270, 84.386765, 108.367538
r: -0.518791, 2.654644, -0.296607
c: 0.231555, 0.450000, 0.500000
f: 1
m: rock
