376
p: 28070.216797, 465.368378, 17854.859375
s: 105.339203, 56.037682, 45.312164
r: -0.234640, 0.977686, -0.022283
c: 0.414064, 0.450000, 0.500000
f: 1
m: rock
