377
p: 33598.226562, 937.874023, 25640.574219
s: 103.549942, 83.877495, 49.011837
r: -0.430417, -1.641284, -0.547594
c: 0.373033, 0.450000, 0.500000
f: 1
m: rock
