378
p: 29820.203125, 643.168579, 17705.650391
s: 114.484421, 59.581112, 99.787270
r: -0.604150, -1.297608, -0.244166
c: 0.461565, 0.450000, 0.500000
f: 1
m: rock
