38
p: 18436.650391, 631.244141, 22158.765625
s: 1.000000, 1.000000, 1.000000
r: 0.000000, -2.104291, 0.000000
c: 0.700000, 0.300000, 0.200000
f: 7
m: tree_002
