38
p: 19067.626953, 594.582275, 21982.359375
s: 1.000000, 1.000000, 1.000000
r: 0.000000, 1.692908, 0.000000
c: 0.700000, 0.300000, 0.200000
f: 3
