381
p: 34243.335938, 684.191589, 21275.890625
s: 32.356960, 43.390648, 86.626678
r: -0.503962, -2.142242, -0.571024
c: 0.409937, 0.450000, 0.500000
f: 1
m: rock
