383
p: 27559.367188, 398.736816, 18018.914062
s: 107.068573, 121.563995, 46.079166
r: -0.325009, 2.000290, -0.640675
c: 0.480572, 0.450000, 0.500000
f: 1
m: rock
