383
p: 27552.818359, 412.486603, 18001.367188
s: 107.068573, 121.563995, 46.079166
r: -0.325009, 2.000290, -0.640675
c: 0.480572, 0.450000, 0.500000
f: 5
m: rock
