384
p: 30228.822266, 568.773560, 17758.406250
s: 73.064140, 109.007118, 102.703987
r: -0.390559, -2.329683, 0.042397
c: 0.381681, 0.450000, 0.500000
f: 1
m: rock
