385
p: 24865.406250, 749.075684, 25173.498047
s: 111.142708, 95.470390, 90.844711
r: -0.580415, -1.830186, 0.155460
c: 0.308625, 0.450000, 0.500000
f: 1
m: rock
