387
p: 29602.054688, 760.196716, 22372.662109
s: 85.647621, 99.487122, 100.016472
r: -0.081070, 1.247719, -0.704813
c: 0.336522, 0.450000, 0.500000
f: 1
m: rock
