389
p: 25304.693359, 341.658325, 14252.390625
s: 33.199425, 102.732681, 48.219872
r: -0.536546, 0.088339, 0.049035
c: 0.272132, 0.450000, 0.500000
f: 1
m: rock
