39
p: 17902.693359, 454.122711, 21224.193359
s: 1.000000, 1.000000, 1.000000
r: 0.000000, 1.234658, 0.000000
c: 0.700000, 0.300000, 0.200000
f: 7
m: tree_001
