390
p: 31822.185547, 674.562012, 12781.896484
s: 68.308281, 77.246056, 94.344681
r: -0.339420, 0.744316, -0.267144
c: 0.224926, 0.450000, 0.500000
f: 1
m: rock
