391
p: 34496.929688, 795.931030, 16890.041016
s: 65.618355, 67.660545, 90.768768
r: -0.344159, 2.924788, -0.683801
c: 0.326474, 0.450000, 0.500000
f: 1
m: rock
