392
p: 29936.195312, 818.514160, 22349.166016
s: 89.965477, 69.846664, 32.898933
r: -0.526797, -0.848322, -0.441053
c: 0.341714, 0.450000, 0.500000
f: 1
m: rock
