393
p: 30385.761719, 872.588135, 22282.312500
s: 76.584976, 83.652870, 73.821754
r: -0.628031, 2.664180, 0.210469
c: 0.286930, 0.450000, 0.500000
f: 1
m: rock
