395
p: 23011.320312, 410.519562, 20272.810547
s: 39.296463, 75.614304, 69.538422
r: -0.528155, 0.302307, -0.603823
c: 0.264916, 0.450000, 0.500000
f: 1
m: rock
