396
p: 22235.943359, 445.145599, 20627.767578
s: 110.048828, 110.734200, 129.768402
r: -0.675946, 0.763333, -0.398123
c: 0.440606, 0.450000, 0.500000
f: 1
m: rock
