396
p: 22230.966797, 406.114624, 20622.902344
s: 110.048828, 110.734200, 129.768402
r: -0.675946, 0.763333, -0.398123
c: 0.440606, 0.450000, 0.500000
f: 1
m: rock
