397
p: 29484.017578, 1075.170410, 26855.574219
s: 129.122849, 87.565674, 36.235561
r: -0.739453, -1.506804, 0.174126
c: 0.358232, 0.450000, 0.500000
f: 1
m: rock
