398
p: 25435.568359, 809.649414, 30131.519531
s: 108.629097, 49.211250, 113.506279
r: 0.150170, -2.149411, -0.745692
c: 0.400646, 0.450000, 0.500000
f: 1
m: rock
