399
p: 22271.779297, 470.238586, 20478.140625
s: 71.263245, 41.237793, 103.543457
r: -0.300844, 2.972641, -0.682468
c: 0.459093, 0.450000, 0.500000
f: 1
m: rock
