399
p: 23120.328125, 416.925385, 20235.900391
s: 71.263245, 41.237793, 103.543457
r: -0.300844, 2.972641, -0.682468
c: 0.459093, 0.450000, 0.500000
f: 1
m: rock
