399
p: 22197.148438, 468.500793, 20589.130859
s: 71.263245, 41.237793, 103.543457
r: -0.300844, 2.972641, -0.682468
c: 0.459093, 0.450000, 0.500000
f: 5
m: rock
