4
p: 18768.261719, 391.813599, 19792.705078
s: 1.000000, 1.000000, 1.000000
r: 0.000000, 1.536876, 0.000000
c: 0.700000, 0.300000, 0.200000
f: 3
