4
p: 19877.509766, 874.360352, 26092.460938
s: 41.142857, 42.285713, 46.857143
r: 0.000000, 0.000000, 0.000000
c: 0.371429, 0.262857, 0.205714
f: 5
m: tree_001
