40
p: 18386.201172, 399.802612, 19274.552734
s: 1.000000, 1.000000, 1.000000
r: 0.000000, -1.320117, 0.000000
c: 0.700000, 0.300000, 0.200000
f: 3
