400
p: 19891.162109, 740.279724, 23389.945312
s: 31.287373, 66.827797, 94.734879
r: 0.240921, -0.551554, -0.611794
c: 0.273125, 0.450000, 0.500000
f: 1
m: rock
