401
p: 22253.789062, 987.857544, 29558.951172
s: 113.402130, 69.665176, 82.562126
r: -0.634300, 0.419792, -0.342039
c: 0.413469, 0.450000, 0.500000
f: 1
m: rock
