403
p: 19623.023438, 728.624695, 25554.222656
s: 123.365616, 125.779793, 101.017532
r: 0.166083, 0.721395, -0.578733
c: 0.314846, 0.450000, 0.500000
f: 1
m: rock
