404
p: 26628.906250, 290.491211, 10217.397461
s: 78.125671, 78.184807, 72.067177
r: -0.519176, -0.275026, 0.078275
c: 0.224302, 0.450000, 0.500000
f: 1
m: rock
