405
p: 24302.259766, 476.852905, 9831.921875
s: 111.777588, 66.004852, 63.417892
r: -0.204968, -0.874583, -0.686474
c: 0.337929, 0.450000, 0.500000
f: 1
m: rock
