406
p: 28019.269531, 657.885254, 18752.335938
s: 97.967628, 61.920094, 110.976364
r: -0.052840, -2.105157, -0.369415
c: 0.269860, 0.450000, 0.500000
f: 1
m: rock
