407
p: 22755.144531, 407.793152, 19652.832031
s: 79.716125, 108.848480, 36.209896
r: -0.052972, 2.797323, -0.643022
c: 0.438606, 0.450000, 0.500000
f: 1
m: rock
