408
p: 19586.820312, 246.857864, 14341.304688
s: 128.523941, 121.971985, 103.299728
r: -0.265625, 2.404777, -0.671484
c: 0.347403, 0.450000, 0.500000
f: 5
m: rock
