409
p: 24371.357422, 714.027344, 20011.869141
s: 91.369583, 68.497528, 57.934952
r: -0.722757, 2.398477, -0.524037
c: 0.200969, 0.450000, 0.500000
f: 1
m: rock
