41
p: 22132.140625, 319.018097, 17617.013672
s: 1.000000, 1.000000, 1.000000
r: 0.000000, -2.098863, 0.000000
c: 0.700000, 0.300000, 0.200000
f: 7
m: tree_001
