410
p: 20664.027344, 756.564575, 18095.515625
s: 106.846786, 93.901886, 128.997131
r: -0.302285, 1.597527, 0.001557
c: 0.279836, 0.450000, 0.500000
f: 1
m: rock
