411
p: 19612.949219, 555.449463, 15689.175781
s: 71.692947, 63.411343, 74.385452
r: 0.112485, 1.784011, -0.167142
c: 0.399407, 0.450000, 0.500000
f: 1
m: rock
