412
p: 23721.189453, 494.640930, 19933.597656
s: 38.958023, 87.465477, 52.232559
r: -0.124220, -0.118773, 0.041455
c: 0.327557, 0.450000, 0.500000
f: 1
m: rock
