413
p: 21169.414062, 771.900269, 18643.132812
s: 129.064087, 99.915436, 98.761002
r: -0.087875, -0.993988, -0.085988
c: 0.256047, 0.450000, 0.500000
f: 1
m: rock
