418
p: 19380.910156, 545.685913, 19993.699219
s: 66.068092, 126.399277, 112.649429
r: 0.139216, -2.856390, 0.143285
c: 0.251347, 0.450000, 0.500000
f: 5
m: rock
