418
p: 19380.605469, 545.982361, 19993.996094
s: 66.068092, 126.399277, 112.649429
r: 0.139216, -2.856390, 0.143285
c: 0.251347, 0.450000, 0.500000
f: 1
m: rock
