42
p: 21392.287109, 545.147156, 17562.847656
s: 1.000000, 1.000000, 1.000000
r: 0.000000, -1.794618, 0.000000
c: 0.700000, 0.300000, 0.200000
f: 7
m: tree_002
