42
p: 21391.220703, 550.794983, 17573.033203
s: 1.000000, 1.000000, 1.000000
r: 0.000000, -1.794618, 0.000000
c: 0.700000, 0.300000, 0.200000
f: 7
m: tree_002
