42
p: 21784.060547, 570.903687, 18000.884766
s: 1.000000, 1.000000, 1.000000
r: 0.000000, 3.100829, 0.000000
c: 0.700000, 0.300000, 0.200000
f: 3
