420
p: 17510.685547, 618.679443, 19175.132812
s: 108.415016, 51.222694, 119.727417
r: -0.263051, -2.188686, 0.196008
c: 0.219141, 0.450000, 0.500000
f: 1
m: rock
