421
p: 26752.593750, 442.653229, 15793.149414
s: 85.132675, 44.912685, 67.509041
r: -0.605460, -1.309719, -0.640138
c: 0.304247, 0.450000, 0.500000
f: 1
m: rock
