422
p: 16745.062500, 665.920227, 14903.819336
s: 74.674400, 72.654625, 126.193550
r: -0.499552, -1.388028, -0.109029
c: 0.287740, 0.450000, 0.500000
f: 1
m: rock
