423
p: 32627.457031, 616.740112, 15232.336914
s: 109.147453, 61.131062, 49.694546
r: -0.687704, -3.070203, 0.212318
c: 0.352897, 0.450000, 0.500000
f: 1
m: rock
