424
p: 29419.121094, 777.744507, 24754.310547
s: 97.967728, 63.585545, 102.217659
r: -0.126905, -0.921272, -0.576857
c: 0.447751, 0.450000, 0.500000
f: 1
m: rock
