427
p: 30296.591797, 734.054565, 24812.126953
s: 77.723778, 123.533508, 47.764282
r: -0.107364, 1.777851, -0.647347
c: 0.298830, 0.450000, 0.500000
f: 1
m: rock
