428
p: 28434.951172, 655.309082, 14925.396484
s: 58.615803, 75.852936, 80.264648
r: 0.229859, -0.088065, 0.184022
c: 0.440625, 0.450000, 0.500000
f: 1
m: rock
