429
p: 32278.990234, 713.025452, 15059.802734
s: 40.383793, 50.361824, 51.156139
r: -0.037508, 2.267817, -0.027148
c: 0.389529, 0.450000, 0.500000
f: 1
m: rock
