43
p: 23585.503906, 464.033691, 19123.025391
s: 1.000000, 1.000000, 1.000000
r: 0.000000, 2.886397, 0.000000
c: 0.700000, 0.300000, 0.200000
f: 3
