432
p: 25760.644531, 296.209442, 17188.556641
s: 114.413216, 62.847866, 103.996552
r: -0.150584, -0.693438, -0.138360
c: 0.245995, 0.450000, 0.500000
f: 1
m: rock
