434
p: 19333.740234, 730.865723, 25014.972656
s: 102.389053, 72.682587, 96.251556
r: 0.148272, -1.494534, -0.004147
c: 0.218519, 0.450000, 0.500000
f: 5
m: rock
