436
p: 15176.333984, 438.032471, 20140.337891
s: 117.929527, 61.502693, 95.807144
r: -0.542464, -2.735474, -0.414913
c: 0.478745, 0.450000, 0.500000
f: 1
m: rock
