436
p: 15180.617188, 419.224823, 20132.496094
s: 117.929527, 61.502693, 95.807144
r: -0.542464, -2.735474, -0.414913
c: 0.478745, 0.450000, 0.500000
f: 17
m: rock
