437
p: 22923.314453, 939.851807, 24360.443359
s: 111.467804, 59.378086, 87.446442
r: -0.726304, -1.487051, 0.012261
c: 0.266155, 0.450000, 0.500000
f: 1
m: rock
