438
p: 21324.113281, 492.771729, 15011.464844
s: 62.881725, 73.121513, 73.199379
r: -0.230337, 3.018421, -0.224270
c: 0.261369, 0.450000, 0.500000
f: 1
m: rock
