438
p: 21323.453125, 492.077698, 15011.162109
s: 62.881725, 73.121513, 73.199379
r: -0.230337, 3.018421, -0.224270
c: 0.261369, 0.450000, 0.500000
f: 5
m: rock
