44
p: 22393.732422, 396.034485, 17972.099609
s: 1.000000, 1.000000, 1.000000
r: 0.000000, -0.808198, 0.000000
c: 0.700000, 0.300000, 0.200000
f: 3
