441
p: 24931.591797, 853.793701, 22081.947266
s: 79.000008, 73.082161, 111.883698
r: -0.556661, -0.359983, -0.173880
c: 0.411938, 0.450000, 0.500000
f: 5
m: rock
