441
p: 24931.156250, 854.168579, 22081.994141
s: 79.000008, 73.082161, 111.883698
r: -0.556661, -0.359983, -0.173880
c: 0.411938, 0.450000, 0.500000
f: 1
m: rock
