444
p: 16549.531250, 586.520081, 5588.479980
s: 70.975319, 102.068459, 84.567802
r: -0.539491, -2.948814, -0.083705
c: 0.413471, 0.450000, 0.500000
f: 1
m: rock
