445
p: 14357.542969, 555.208069, 8651.498047
s: 71.285110, 108.826706, 70.374092
r: -0.076633, -1.416147, -0.325134
c: 0.313510, 0.450000, 0.500000
f: 1
m: rock
