446
p: 21360.644531, 638.881958, 5209.617676
s: 102.533447, 99.558296, 96.342758
r: -0.522813, -1.063230, -0.301900
c: 0.260193, 0.450000, 0.500000
f: 1
m: rock
