447
p: 17314.800781, 403.564911, 5183.767090
s: 51.551689, 49.249043, 48.650581
r: -0.147139, -1.331713, -0.471269
c: 0.269782, 0.450000, 0.500000
f: 1
m: rock
