449
p: 14251.973633, 397.740845, 9208.511719
s: 78.099731, 42.118298, 102.205948
r: -0.096583, 2.985599, -0.020418
c: 0.340850, 0.450000, 0.500000
f: 1
m: rock
