45
p: 23309.208984, 512.416565, 21031.423828
s: 1.000000, 1.000000, 1.000000
r: 0.000000, -0.374103, 0.000000
c: 0.700000, 0.300000, 0.200000
f: 7
m: tree_001
