45
p: 22933.904297, 385.715393, 19469.759766
s: 1.000000, 1.000000, 1.000000
r: 0.000000, 0.864977, 0.000000
c: 0.700000, 0.300000, 0.200000
f: 3
