450
p: 23913.730469, 108.080673, 12068.087891
s: 39.175396, 40.827168, 102.169655
r: -0.196080, 1.488836, -0.737167
c: 0.458356, 0.450000, 0.500000
f: 1
m: rock
