46
p: 22700.750000, 481.607605, 21241.742188
s: 1.000000, 1.000000, 1.000000
r: 0.000000, -1.619986, 0.000000
c: 0.700000, 0.300000, 0.200000
f: 3
