47
p: 23341.125000, 449.796265, 20430.648438
s: 1.000000, 1.000000, 1.000000
r: 0.000000, -1.600817, 0.000000
c: 0.700000, 0.300000, 0.200000
f: 7
m: tree_001
