47
p: 23162.402344, 399.045746, 19167.718750
s: 1.000000, 1.000000, 1.000000
r: 0.000000, -2.062802, 0.000000
c: 0.700000, 0.300000, 0.200000
f: 3
