48
p: 21730.652344, 531.709473, 22617.580078
s: 1.000000, 1.000000, 1.000000
r: 0.000000, 1.096908, 0.000000
c: 0.700000, 0.300000, 0.200000
f: 3
