48
p: 22023.855469, 442.734039, 22208.080078
s: 1.000000, 1.000000, 1.000000
r: 0.000000, -0.323947, 0.000000
c: 0.700000, 0.300000, 0.200000
f: 7
m: tree_002
