49
p: 20577.156250, 804.557922, 22718.917969
s: 1.000000, 1.000000, 1.000000
r: 0.000000, 0.871065, 0.000000
c: 0.700000, 0.300000, 0.200000
f: 3
