5
p: 21062.490234, 795.739990, 18421.228516
s: 1.000000, 1.000000, 1.000000
r: 0.000000, 0.097074, 0.000000
c: 0.700000, 0.300000, 0.200000
f: 3
