5
t: 1
p: 20033.406250, 741.058105, 21119.380859
s: 1.142857, 1.000000, 1.000000
r: 1.005310, 1.974715, 0.179520
c: 0.400000, 0.251429, 0.102857, 1.000000
f: 5
m: tree_001
