50
p: 20245.439453, 764.474854, 22491.904297
s: 1.000000, 1.000000, 1.000000
r: 0.000000, 0.168260, 0.000000
c: 0.700000, 0.300000, 0.200000
f: 3
