51
p: 20927.218750, 762.448730, 22690.513672
s: 1.000000, 1.000000, 1.000000
r: 0.000000, -2.107887, 0.000000
c: 0.700000, 0.300000, 0.200000
f: 7
m: tree_001
