51
p: 20612.025391, 874.699585, 23239.978516
s: 1.000000, 1.000000, 1.000000
r: 0.000000, 0.519728, 0.000000
c: 0.700000, 0.300000, 0.200000
f: 3
