52
p: 23531.900391, 434.386261, 19528.035156
s: 1.000000, 1.000000, 1.000000
r: 0.000000, 1.433947, 0.000000
c: 0.700000, 0.300000, 0.200000
f: 3
