53
p: 18646.751953, 665.189331, 17279.218750
s: 1.000000, 1.000000, 1.000000
r: 0.000000, 0.378052, 0.000000
c: 0.700000, 0.300000, 0.200000
f: 7
m: tree_001
