53
p: 19376.617188, 292.299591, 18890.656250
s: 1.000000, 1.000000, 1.000000
r: 0.000000, -1.944386, 0.000000
c: 0.700000, 0.300000, 0.200000
f: 3
