54
p: 21269.615234, 393.028381, 16175.748047
s: 1.000000, 1.000000, 1.000000
r: 0.000000, -0.449066, 0.000000
c: 0.700000, 0.300000, 0.200000
f: 3
