54
p: 20030.933594, 607.565308, 16624.062500
s: 1.000000, 1.000000, 1.000000
r: 0.000000, 1.614786, 0.000000
c: 0.700000, 0.300000, 0.200000
f: 7
m: tree_002
