55
p: 19336.845703, 662.560669, 16502.648438
s: 1.000000, 1.000000, 1.000000
r: 0.000000, 2.622795, 0.000000
c: 0.700000, 0.300000, 0.200000
f: 7
m: tree_001
