55
p: 21579.548828, 335.413391, 17094.716797
s: 1.000000, 1.000000, 1.000000
r: 0.000000, -1.340364, 0.000000
c: 0.700000, 0.300000, 0.200000
f: 3
