56
p: 21825.876953, 267.176392, 16511.029297
s: 1.000000, 1.000000, 1.000000
r: 0.000000, -2.270529, 0.000000
c: 0.700000, 0.300000, 0.200000
f: 3
