57
p: 20447.980469, 674.586243, 18389.240234
s: 1.000000, 1.000000, 1.000000
r: 0.000000, -2.987200, 0.000000
c: 0.700000, 0.300000, 0.200000
f: 3
