58
p: 18266.384766, 738.609253, 17788.357422
s: 1.000000, 1.000000, 1.000000
r: 0.000000, -2.943576, 0.000000
c: 0.700000, 0.300000, 0.200000
f: 7
m: tree_002
