58
p: 18566.505859, 454.883972, 18575.298828
s: 1.000000, 1.000000, 1.000000
r: 0.000000, 3.072861, 0.000000
c: 0.700000, 0.300000, 0.200000
f: 3
