59
p: 18067.794922, 500.318176, 19124.158203
s: 1.000000, 1.000000, 1.000000
r: 0.000000, -2.212880, 0.000000
c: 0.700000, 0.300000, 0.200000
f: 3
