6
p: 21420.681641, 636.514954, 19255.621094
s: 1.000000, 1.000000, 1.000000
r: 0.000000, -2.107369, 0.000000
c: 0.700000, 0.300000, 0.200000
f: 3
