6
p: 21411.318359, 635.539368, 19259.402344
s: 1.000000, 1.000000, 1.000000
r: 0.000000, -0.583732, 0.000000
c: 0.700000, 0.300000, 0.200000
f: 7
m: tree_002
