60
p: 18319.009766, 374.551758, 20244.875000
s: 1.000000, 1.000000, 1.000000
r: 0.000000, -1.693811, 0.000000
c: 0.700000, 0.300000, 0.200000
f: 3
