61
p: 16635.859375, 542.806274, 20202.927734
s: 1.000000, 1.000000, 1.000000
r: 0.000000, -1.276615, 0.000000
c: 0.700000, 0.300000, 0.200000
f: 7
m: tree_001
