62
p: 16327.232422, 557.799988, 20495.960938
s: 1.000000, 1.000000, 1.000000
r: 0.000000, -2.506420, 0.000000
c: 0.700000, 0.300000, 0.200000
f: 3
