62
p: 16874.269531, 656.475464, 20913.980469
s: 1.000000, 1.000000, 1.000000
r: 0.000000, 1.003305, 0.000000
c: 0.700000, 0.300000, 0.200000
f: 7
m: tree_002
