63
p: 20078.375000, 780.346985, 23119.259766
s: 1.000000, 1.000000, 1.000000
r: 0.000000, -1.516767, 0.000000
c: 0.700000, 0.300000, 0.200000
f: 7
m: tree_001
