64
p: 19076.279297, 598.558350, 23202.093750
s: 1.000000, 1.000000, 1.000000
r: 0.000000, -1.966202, 0.000000
c: 0.700000, 0.300000, 0.200000
f: 3
