65
p: 19820.003906, 750.260071, 21929.953125
s: 1.000000, 1.000000, 1.000000
r: 0.000000, -3.063144, 0.000000
c: 0.700000, 0.300000, 0.200000
f: 7
m: tree_001
