65
p: 19947.957031, 759.419434, 21984.140625
s: 1.000000, 1.000000, 1.000000
r: 0.000000, -2.691336, 0.000000
c: 0.700000, 0.300000, 0.200000
f: 3
