66
p: 17904.724609, 849.029724, 22789.580078
s: 1.000000, 1.000000, 1.000000
r: 0.000000, -0.634392, 0.000000
c: 0.700000, 0.300000, 0.200000
f: 3
