68
p: 17682.816406, 881.967590, 22612.421875
s: 1.000000, 1.000000, 1.000000
r: 0.000000, 1.203704, 0.000000
c: 0.700000, 0.300000, 0.200000
f: 3
