69
p: 17073.402344, 815.783142, 21573.871094
s: 1.000000, 1.000000, 1.000000
r: 0.000000, -1.205589, 0.000000
c: 0.700000, 0.300000, 0.200000
f: 3
