7
p: 21285.103516, 496.258362, 21010.066406
s: 1.000000, 1.000000, 1.000000
r: 0.000000, -0.233308, 0.000000
c: 0.700000, 0.300000, 0.200000
f: 3
