70
p: 22505.572266, 247.803101, 16728.578125
s: 1.000000, 1.000000, 1.000000
r: 0.000000, 0.940137, 0.000000
c: 0.700000, 0.300000, 0.200000
f: 3
