70
p: 22427.771484, 228.061249, 16766.953125
s: 1.000000, 1.000000, 1.000000
r: 0.000000, 2.752771, 0.000000
c: 0.700000, 0.300000, 0.200000
f: 7
m: tree_002
