71
p: 23930.779297, 537.121338, 18473.931641
s: 1.000000, 1.000000, 1.000000
r: 0.000000, -1.326558, 0.000000
c: 0.700000, 0.300000, 0.200000
f: 3
