72
p: 23347.958984, 466.817261, 17974.667969
s: 1.000000, 1.000000, 1.000000
r: 0.000000, -2.720143, 0.000000
c: 0.700000, 0.300000, 0.200000
f: 3
