73
p: 22912.072266, 321.529205, 17350.511719
s: 1.000000, 1.000000, 1.000000
r: 0.000000, -0.991005, 0.000000
c: 0.700000, 0.300000, 0.200000
f: 3
