74
p: 23998.392578, 567.175903, 19748.046875
s: 1.000000, 1.000000, 1.000000
r: 0.000000, 0.895738, 0.000000
c: 0.700000, 0.300000, 0.200000
f: 3
