76
p: 22343.431641, 462.553375, 22732.910156
s: 1.000000, 1.000000, 1.000000
r: 0.000000, 2.623024, 0.000000
c: 0.700000, 0.300000, 0.200000
f: 3
