78
p: 24006.037109, 700.969727, 22123.910156
s: 1.000000, 1.000000, 1.000000
r: 0.000000, 0.509546, 0.000000
c: 0.700000, 0.300000, 0.200000
f: 3
