78
p: 23480.974609, 560.973633, 21850.056641
s: 1.000000, 1.000000, 1.000000
r: 0.000000, 0.328042, 0.000000
c: 0.700000, 0.300000, 0.200000
f: 7
m: tree_002
