79
p: 22037.837891, 593.281860, 23156.763672
s: 1.000000, 1.000000, 1.000000
r: 0.000000, -0.048686, 0.000000
c: 0.700000, 0.300000, 0.200000
f: 3
