79
p: 22037.837891, 593.281860, 23156.763672
s: 1.000000, 1.000000, 1.000000
r: 0.000000, 3.048401, 0.000000
c: 0.700000, 0.300000, 0.200000
f: 7
m: tree_001
