8
p: 20409.679688, 678.527344, 20168.794922
s: 1.000000, 1.000000, 1.000000
r: 0.000000, 0.303189, 0.000000
c: 0.700000, 0.300000, 0.200000
f: 7
m: tree_002
