8
p: 20993.806641, 580.967285, 21111.089844
s: 1.000000, 1.000000, 1.000000
r: 0.000000, -0.493991, 0.000000
c: 0.700000, 0.300000, 0.200000
f: 3
