8
t: 2
p: 19975.212891, 1000.422546, 21539.201172
s: 197.714279, 0.000000, 0.000000
r: 0.000000, 0.000000, 0.000000
c: 0.851429, 0.502857, 0.171429, 0.445714
f: 9
m: sphere
