8
p: 20829.652344, 612.861267, 20897.291016
s: 1.000000, 1.000000, 1.000000
r: 0.000000, 0.303189, 0.000000
c: 0.700000, 0.300000, 0.200000
f: 7
m: tree_002
