80
p: 21582.447266, 704.983215, 23238.708984
s: 1.000000, 1.000000, 1.000000
r: 0.000000, -1.457487, 0.000000
c: 0.700000, 0.300000, 0.200000
f: 3
