80
p: 21264.025391, 830.857117, 23382.054688
s: 1.000000, 1.000000, 1.000000
r: 0.000000, 1.382252, 0.000000
c: 0.700000, 0.300000, 0.200000
f: 7
m: tree_002
