81
p: 24094.396484, 596.308838, 19439.292969
s: 1.000000, 1.000000, 1.000000
r: 0.000000, 2.162113, 0.000000
c: 0.700000, 0.300000, 0.200000
f: 3
