82
p: 24432.640625, 680.742493, 19438.949219
s: 1.000000, 1.000000, 1.000000
r: 0.000000, 0.851553, 0.000000
c: 0.700000, 0.300000, 0.200000
f: 7
m: tree_002
