82
p: 24434.001953, 681.035278, 19438.638672
s: 1.000000, 1.000000, 1.000000
r: 0.000000, 2.970035, 0.000000
c: 0.700000, 0.300000, 0.200000
f: 3
