83
p: 17874.158203, 683.193726, 17242.234375
s: 1.000000, 1.000000, 1.000000
r: 0.000000, -2.526543, 0.000000
c: 0.700000, 0.300000, 0.200000
f: 3
