84
p: 19073.091797, 270.262817, 19097.808594
s: 1.000000, 1.000000, 1.000000
r: 0.000000, -1.846811, 0.000000
c: 0.700000, 0.300000, 0.200000
f: 3
