85
p: 20437.644531, 519.991211, 15821.201172
s: 1.000000, 1.000000, 1.000000
r: 0.000000, -1.539768, 0.000000
c: 0.700000, 0.300000, 0.200000
f: 7
m: tree_001
