85
p: 21167.035156, 390.509430, 16336.323242
s: 1.000000, 1.000000, 1.000000
r: 0.000000, -0.421875, 0.000000
c: 0.700000, 0.300000, 0.200000
f: 3
