86
p: 22586.433594, 245.217972, 17266.154297
s: 1.000000, 1.000000, 1.000000
r: 0.000000, -3.018165, 0.000000
c: 0.700000, 0.300000, 0.200000
f: 3
