86
p: 19501.031250, 635.565918, 16081.044922
s: 1.000000, 1.000000, 1.000000
r: 0.000000, 1.552036, 0.000000
c: 0.700000, 0.300000, 0.200000
f: 23
m: tree_002
