87
p: 18885.365234, 568.299622, 15724.082031
s: 1.000000, 1.000000, 1.000000
r: 0.000000, -2.146040, 0.000000
c: 0.700000, 0.300000, 0.200000
f: 3
