89
p: 21601.568359, 264.153107, 16630.427734
s: 1.000000, 1.000000, 1.000000
r: 0.000000, 0.981543, 0.000000
c: 0.700000, 0.300000, 0.200000
f: 7
m: tree_001
