89
p: 21988.964844, 212.760315, 16913.603516
s: 1.000000, 1.000000, 1.000000
r: 0.000000, 0.189542, 0.000000
c: 0.700000, 0.300000, 0.200000
f: 3
