9
p: 20824.562500, 667.613525, 19114.017578
s: 1.000000, 1.000000, 1.000000
r: 0.000000, -2.420027, 0.000000
c: 0.700000, 0.300000, 0.200000
f: 3
