9
t: 2
p: 19803.072266, 1107.856812, 21508.226562
s: 200.000000, 0.000000, 0.000000
r: 0.000000, 0.000000, 0.000000
c: 0.908571, 0.548571, 0.240000, 0.560000
f: 9
m: sphere
