9
p: 20817.832031, 668.369629, 19108.742188
s: 1.000000, 1.000000, 1.000000
r: 0.000000, 0.037992, 0.000000
c: 0.700000, 0.300000, 0.200000
f: 23
m: tree_001
