90
p: 17520.927734, 602.004639, 19238.199219
s: 1.000000, 1.000000, 1.000000
r: 0.000000, 0.060800, 0.000000
c: 0.700000, 0.300000, 0.200000
f: 3
