91
p: 16248.921875, 617.224976, 19199.177734
s: 1.000000, 1.000000, 1.000000
r: 0.000000, -2.288165, 0.000000
c: 0.700000, 0.300000, 0.200000
f: 3
