92
p: 17877.568359, 697.734497, 18515.998047
s: 1.000000, 1.000000, 1.000000
r: 0.000000, 2.183704, 0.000000
c: 0.700000, 0.300000, 0.200000
f: 3
