93
p: 15910.363281, 521.079468, 20735.521484
s: 1.000000, 1.000000, 1.000000
r: 0.000000, -2.834741, 0.000000
c: 0.700000, 0.300000, 0.200000
f: 23
m: tree_001
