94
p: 16713.988281, 917.393799, 21892.015625
s: 1.000000, 1.000000, 1.000000
r: 0.000000, -1.843470, 0.000000
c: 0.700000, 0.300000, 0.200000
f: 3
