94
p: 16115.084961, 729.385742, 21397.341797
s: 1.000000, 1.000000, 1.000000
r: 0.000000, 1.902194, 0.000000
c: 0.700000, 0.300000, 0.200000
f: 23
m: tree_002
