95
p: 19434.294922, 624.848938, 23747.878906
s: 1.000000, 1.000000, 1.000000
r: 0.000000, 1.323073, 0.000000
c: 0.700000, 0.300000, 0.200000
f: 7
m: tree_001
