95
p: 19751.964844, 696.213135, 23130.568359
s: 1.000000, 1.000000, 1.000000
r: 0.000000, -0.808511, 0.000000
c: 0.700000, 0.300000, 0.200000
f: 3
