96
p: 20803.791016, 943.058472, 23651.960938
s: 1.000000, 1.000000, 1.000000
r: 0.000000, 0.690957, 0.000000
c: 0.700000, 0.300000, 0.200000
f: 7
m: tree_002
