96
p: 21031.960938, 939.106567, 23709.738281
s: 1.000000, 1.000000, 1.000000
r: 0.000000, 1.892881, 0.000000
c: 0.700000, 0.300000, 0.200000
f: 3
