97
p: 18518.447266, 600.307434, 23822.386719
s: 1.000000, 1.000000, 1.000000
r: 0.000000, 1.592299, 0.000000
c: 0.700000, 0.300000, 0.200000
f: 7
m: tree_001
