97
p: 18996.572266, 588.726868, 23581.216797
s: 1.000000, 1.000000, 1.000000
r: 0.000000, 1.877158, 0.000000
c: 0.700000, 0.300000, 0.200000
f: 3
