98
p: 19005.296875, 594.021790, 24084.998047
s: 1.000000, 1.000000, 1.000000
r: 0.000000, 1.513811, 0.000000
c: 0.700000, 0.300000, 0.200000
f: 3
