99
p: 18123.095703, 372.404236, 20004.482422
s: 1.000000, 1.000000, 1.000000
r: 0.000000, 2.010576, 0.000000
c: 0.700000, 0.300000, 0.200000
f: 3
