7
t: 2
p: 20125.009766, 1143.224976, 21435.312500
s: 147.428574, 0.000000, 0.000000
r: 0.000000, 0.000000, 0.000000
c: 0.611429, 0.371429, 0.285714, 0.560000
f: 9
m: sphere
