101
p: 18003.660156, 683.161743, 23648.130859
s: 1.000000, 1.000000, 1.000000
r: 0.000000, 1.083131, 0.000000
c: 0.700000, 0.300000, 0.200000
f: 7
m: tree_001
