105
p: 21927.865234, 427.175293, 16018.559570
s: 1.000000, 1.000000, 1.000000
r: 0.000000, -1.663542, 0.000000
c: 0.700000, 0.300000, 0.200000
f: 7
m: tree_001
