11
p: 19877.849609, 466.495789, 18213.804688
s: 1.000000, 1.000000, 1.000000
r: 0.000000, 0.996016, 0.000000
c: 0.700000, 0.300000, 0.200000
f: 7
m: tree_001
