12
p: 19422.369141, 348.089752, 18438.193359
s: 1.000000, 1.000000, 1.000000
r: 0.000000, 1.633667, 0.000000
c: 0.700000, 0.300000, 0.200000
f: 7
m: tree_002
