125
p: 20724.507812, 415.570984, 14968.141602
s: 1.000000, 1.000000, 1.000000
r: 0.000000, -1.588846, 0.000000
c: 0.700000, 0.300000, 0.200000
f: 7
m: tree_001
