129
p: 18509.011719, 364.829224, 14906.550781
s: 1.000000, 1.000000, 1.000000
r: 0.000000, -1.130801, 0.000000
c: 0.700000, 0.300000, 0.200000
f: 7
m: tree_001
