132
p: 17018.322266, 577.741821, 19666.107422
s: 1.000000, 1.000000, 1.000000
r: 0.000000, 1.028521, 0.000000
c: 0.700000, 0.300000, 0.200000
f: 7
m: tree_002
