134
p: 15226.907227, 588.280884, 19356.396484
s: 1.000000, 1.000000, 1.000000
r: 0.000000, 1.656454, 0.000000
c: 0.700000, 0.300000, 0.200000
f: 7
m: tree_002
