142
p: 21696.365234, 786.165100, 23767.330078
s: 1.000000, 1.000000, 1.000000
r: 0.000000, -1.017116, 0.000000
c: 0.700000, 0.300000, 0.200000
f: 7
m: tree_002
