150
p: 23857.058594, 614.549988, 16178.509766
s: 1.000000, 1.000000, 1.000000
r: 0.000000, 1.378503, 0.000000
c: 0.700000, 0.300000, 0.200000
f: 7
m: tree_002
