160
p: 23051.863281, 956.213501, 23938.318359
s: 1.000000, 1.000000, 1.000000
r: 0.000000, 2.284439, 0.000000
c: 0.700000, 0.300000, 0.200000
f: 7
m: tree_002
