164
p: 21024.722656, 996.328003, 25166.015625
s: 1.000000, 1.000000, 1.000000
r: 0.000000, 2.377843, 0.000000
c: 0.700000, 0.300000, 0.200000
f: 7
m: tree_002
