170
p: 16177.763672, 396.336853, 16517.759766
s: 1.000000, 1.000000, 1.000000
r: 0.000000, 1.274733, 0.000000
c: 0.700000, 0.300000, 0.200000
f: 7
m: tree_002
