172
p: 20103.117188, 294.828491, 14317.085938
s: 1.000000, 1.000000, 1.000000
r: 0.000000, -3.029355, 0.000000
c: 0.700000, 0.300000, 0.200000
f: 7
m: tree_002
