178
p: 21773.990234, 352.234497, 14170.325195
s: 1.000000, 1.000000, 1.000000
r: 0.000000, -1.622460, 0.000000
c: 0.700000, 0.300000, 0.200000
f: 7
m: tree_002
