180
p: 21800.484375, 288.898315, 17149.748047
s: 1.000000, 1.000000, 1.000000
r: 0.000000, -0.890654, 0.000000
c: 0.700000, 0.300000, 0.200000
f: 7
m: tree_002
