192
p: 20081.304688, 845.683838, 25215.976562
s: 1.000000, 1.000000, 1.000000
r: 0.000000, 0.155639, 0.000000
c: 0.700000, 0.300000, 0.200000
f: 7
m: tree_002
