253
p: 25100.000000, 744.936523, 20000.250000
s: 88.167648, 53.656239, 120.376984
r: -0.091774, 1.907955, -0.627991
c: 0.355997, 0.450000, 0.500000
f: 1
m: rock
