257
p: 17808.148438, 507.558624, 15395.025391
s: 59.333157, 32.374771, 42.804840
r: -0.640609, 0.225645, -0.667345
c: 0.450105, 0.450000, 0.500000
f: 1
m: rock
