258
p: 16206.345703, 826.325806, 23408.546875
s: 48.767666, 58.123363, 99.319527
r: -0.216962, 1.727935, -0.167774
c: 0.408691, 0.450000, 0.500000
f: 1
m: rock
