267
p: 24701.359375, 763.113525, 25084.646484
s: 46.585732, 86.317818, 63.531940
r: -0.037125, -1.300886, -0.011390
c: 0.208807, 0.450000, 0.500000
f: 1
m: rock
