270
p: 30191.916016, 643.894226, 19713.201172
s: 67.106262, 74.895081, 81.673538
r: 0.021106, 3.002521, 0.243859
c: 0.372852, 0.450000, 0.500000
f: 1
m: rock
