279
p: 15097.873047, 522.689880, 15334.686523
s: 57.211079, 66.558212, 63.836838
r: 0.207437, 0.862215, 0.104043
c: 0.384238, 0.450000, 0.500000
f: 1
m: rock
