286
p: 9907.757812, 663.929199, 18934.742188
s: 79.603287, 112.406494, 36.013500
r: -0.061279, -1.086360, -0.173544
c: 0.492276, 0.450000, 0.500000
f: 1
m: rock
