293
p: 28328.849609, 488.954773, 17729.689453
s: 92.670670, 35.824028, 114.412415
r: -0.555759, 0.652347, -0.275413
c: 0.428185, 0.450000, 0.500000
f: 1
m: rock
