294
p: 24437.941406, 558.682190, 16404.744141
s: 68.973099, 50.846992, 105.475304
r: -0.614273, -2.097054, -0.694003
c: 0.408457, 0.450000, 0.500000
f: 1
m: rock
