296
p: 25416.322266, 754.561768, 26557.248047
s: 97.831306, 70.722321, 49.979347
r: 0.178433, -2.038433, 0.111500
c: 0.279086, 0.450000, 0.500000
f: 1
m: rock
