297
p: 21854.851562, 970.477966, 25592.433594
s: 52.508999, 38.774090, 96.152145
r: -0.559148, 0.965423, 0.175901
c: 0.399651, 0.450000, 0.500000
f: 1
m: rock
