305
p: 22708.859375, 279.683929, 13983.277344
s: 50.503223, 127.684036, 105.595947
r: -0.339907, -0.395680, -0.661596
c: 0.329572, 0.450000, 0.500000
f: 1
m: rock
