306
p: 13005.156250, 717.568054, 13680.014648
s: 110.789917, 66.094086, 63.219471
r: -0.554003, -2.428096, -0.205485
c: 0.224752, 0.450000, 0.500000
f: 1
m: rock
