307
p: 14198.492188, 641.468994, 11792.196289
s: 96.689919, 87.471069, 46.230381
r: 0.090280, 0.496817, -0.305292
c: 0.406224, 0.450000, 0.500000
f: 1
m: rock
