31
p: 18546.162109, 444.744019, 18643.767578
s: 1.000000, 1.000000, 1.000000
r: 0.000000, 0.608794, 0.000000
c: 0.700000, 0.300000, 0.200000
f: 7
m: tree_001
