312
p: 21233.800781, 952.771240, 24265.689453
s: 67.093506, 60.527699, 109.042862
r: -0.017090, -3.071852, -0.198185
c: 0.208891, 0.450000, 0.500000
f: 1
m: rock
