313
p: 20472.457031, 696.265381, 20861.894531
s: 64.843048, 37.031219, 103.742516
r: 0.154568, -2.626526, 0.010090
c: 0.224106, 0.450000, 0.500000
f: 5
m: rock
