321
p: 17698.078125, 579.467529, 13783.746094
s: 46.553848, 50.555885, 112.710999
r: -0.511757, -2.226571, -0.143515
c: 0.424775, 0.450000, 0.500000
f: 1
m: rock
