324
p: 22284.964844, 407.553009, 20522.220703
s: 96.696945, 105.611679, 35.449036
r: 0.069476, 2.724673, 0.024661
c: 0.427031, 0.450000, 0.500000
f: 5
m: rock
