330
p: 20899.392578, 987.232544, 24948.867188
s: 126.403976, 91.493050, 43.752472
r: -0.372555, 1.422089, -0.279064
c: 0.384983, 0.450000, 0.500000
f: 1
m: rock
