337
p: 24717.000000, 832.622559, 26780.160156
s: 97.439987, 93.848572, 32.840286
r: -0.383452, 0.440265, -0.576988
c: 0.247927, 0.450000, 0.500000
f: 1
m: rock
