339
p: 14590.041016, 538.046631, 19648.140625
s: 95.159050, 58.075523, 95.313484
r: -0.512809, -0.234558, -0.674210
c: 0.398598, 0.450000, 0.500000
f: 1
m: rock
