341
p: 14620.525391, 650.700439, 11356.439453
s: 84.095169, 107.511543, 66.453323
r: -0.040896, 2.560436, -0.295554
c: 0.484747, 0.450000, 0.500000
f: 1
m: rock
