343
p: 17572.568359, 448.955902, 20599.476562
s: 108.295143, 36.446018, 68.175217
r: -0.640419, 1.411759, 0.089031
c: 0.386314, 0.450000, 0.500000
f: 5
m: rock
