345
p: 13456.837891, 654.752441, 12505.305664
s: 49.916096, 59.847057, 69.489357
r: 0.226608, 2.246953, 0.161698
c: 0.205383, 0.450000, 0.500000
f: 1
m: rock
