347
p: 22439.146484, 252.037064, 13978.955078
s: 126.881775, 121.955238, 121.656868
r: 0.019804, -2.516212, 0.092636
c: 0.416561, 0.450000, 0.500000
f: 1
m: rock
