35
p: 20259.677734, 758.281555, 21590.460938
s: 1.000000, 1.000000, 1.000000
r: 0.000000, -0.024248, 0.000000
c: 0.700000, 0.300000, 0.200000
f: 7
m: tree_001
