36
p: 19630.392578, 693.234558, 22560.044922
s: 1.000000, 1.000000, 1.000000
r: 0.000000, 0.869773, 0.000000
c: 0.700000, 0.300000, 0.200000
f: 7
m: tree_002
