360
p: 15795.068359, 663.554810, 18641.320312
s: 97.691994, 129.373169, 94.836304
r: -0.713372, 0.691497, -0.551893
c: 0.261602, 0.450000, 0.500000
f: 1
m: rock
