361
p: 19614.630859, 269.679962, 12329.375000
s: 89.061363, 74.249512, 31.552082
r: 0.108370, 0.747641, -0.372444
c: 0.251414, 0.450000, 0.500000
f: 1
m: rock
