37
p: 18993.460938, 623.900635, 22286.080078
s: 1.000000, 1.000000, 1.000000
r: 0.000000, -2.695910, 0.000000
c: 0.700000, 0.300000, 0.200000
f: 7
m: tree_001
