374
p: 25898.583984, 520.576721, 11155.190430
s: 121.243225, 54.960621, 43.095387
r: 0.191490, 0.754485, -0.063937
c: 0.327167, 0.450000, 0.500000
f: 1
m: rock
