375
p: 29412.269531, 637.742737, 20703.103516
s: 96.151016, 30.145412, 73.918022
r: -0.447984, 3.079961, -0.609240
c: 0.298168, 0.450000, 0.500000
f: 1
m: rock
