376
p: 28212.078125, 476.471588, 17846.730469
s: 105.339203, 56.037682, 45.312164
r: -0.234640, 0.977686, -0.022283
c: 0.414064, 0.450000, 0.500000
f: 5
m: rock
