379
p: 30520.404297, 1165.773438, 27754.941406
s: 84.831184, 77.720520, 68.770065
r: -0.666003, 1.529709, -0.406607
c: 0.427474, 0.450000, 0.500000
f: 1
m: rock
