380
p: 33824.695312, 977.529297, 25272.593750
s: 69.935120, 119.487251, 42.169041
r: -0.499538, 0.079340, -0.021433
c: 0.450979, 0.450000, 0.500000
f: 1
m: rock
