382
p: 25445.382812, 737.558716, 26040.392578
s: 34.573536, 97.440498, 102.466179
r: -0.359013, -1.096949, -0.497738
c: 0.316718, 0.450000, 0.500000
f: 1
m: rock
