388
p: 32749.150391, 619.015930, 21132.458984
s: 75.108360, 66.217178, 32.123314
r: 0.114942, -2.614999, -0.154829
c: 0.320508, 0.450000, 0.500000
f: 1
m: rock
