394
p: 27714.414062, 551.784302, 12466.890625
s: 90.999313, 45.400711, 69.738113
r: 0.035010, 1.063397, 0.248637
c: 0.231491, 0.450000, 0.500000
f: 1
m: rock
