396
p: 22216.869141, 355.834595, 20637.996094
s: 110.048828, 110.734200, 129.768402
r: -0.675946, 0.763333, -0.398123
c: 0.440606, 0.450000, 0.500000
f: 5
m: rock
