4
p: 19119.007812, 443.286377, 19816.011719
s: 1.000000, 1.000000, 1.000000
r: 0.000000, 0.100680, 0.000000
c: 0.700000, 0.300000, 0.200000
f: 7
m: tree_002
