414
p: 19264.232422, 254.611664, 11728.718750
s: 35.005516, 57.706554, 94.030327
r: -0.173548, -0.482029, -0.636849
c: 0.489043, 0.450000, 0.500000
f: 1
m: rock
