415
p: 16590.460938, 595.871094, 15779.132812
s: 102.939896, 30.795315, 96.824715
r: -0.520956, 0.303417, -0.634310
c: 0.240212, 0.450000, 0.500000
f: 1
m: rock
