416
p: 20739.455078, 513.532043, 11210.926758
s: 69.419357, 51.050747, 129.931351
r: -0.287160, 2.832748, 0.115715
c: 0.438757, 0.450000, 0.500000
f: 1
m: rock
