417
p: 16725.638672, 454.664246, 17471.804688
s: 36.512695, 88.890167, 97.059380
r: -0.079436, -2.036388, -0.419997
c: 0.483813, 0.450000, 0.500000
f: 1
m: rock
