419
p: 16600.486328, 616.434265, 15676.795898
s: 74.366379, 95.686668, 125.823822
r: -0.640611, 0.020293, 0.030852
c: 0.381800, 0.450000, 0.500000
f: 1
m: rock
