425
p: 25304.705078, 423.126221, 18255.406250
s: 31.106880, 33.333332, 53.304558
r: 0.047127, -1.137578, -0.176893
c: 0.450302, 0.450000, 0.500000
f: 1
m: rock
