426
p: 29660.519531, 775.159607, 24785.441406
s: 51.479965, 43.756519, 35.767441
r: -0.416816, 1.998296, 0.026312
c: 0.417933, 0.450000, 0.500000
f: 1
m: rock
