435
p: 22698.236328, 900.000854, 24489.519531
s: 84.353050, 41.629612, 88.888474
r: -0.364435, -1.910967, 0.073162
c: 0.355791, 0.450000, 0.500000
f: 1
m: rock
