439
p: 15575.959961, 660.695557, 21985.724609
s: 124.615456, 31.930191, 70.675835
r: -0.361635, -1.596000, -0.418564
c: 0.226698, 0.450000, 0.500000
f: 1
m: rock
