442
p: 16350.338867, 846.650330, 23259.767578
s: 114.351974, 33.636478, 48.252163
r: -0.109366, -2.323966, -0.665379
c: 0.348389, 0.450000, 0.500000
f: 1
m: rock
