443
p: 15465.984375, 434.134735, 13232.378906
s: 53.092075, 38.402699, 54.128040
r: -0.550983, 2.370038, -0.595219
c: 0.278534, 0.450000, 0.500000
f: 1
m: rock
