448
p: 24399.017578, 410.470306, 10177.584961
s: 93.222076, 103.391006, 112.633575
r: -0.525131, -0.797216, -0.737298
c: 0.330829, 0.450000, 0.500000
f: 1
m: rock
