56
p: 20758.662109, 496.818695, 16633.998047
s: 1.000000, 1.000000, 1.000000
r: 0.000000, -1.509500, 0.000000
c: 0.700000, 0.300000, 0.200000
f: 7
m: tree_002
