60
p: 17678.533203, 522.675842, 19529.023438
s: 1.000000, 1.000000, 1.000000
r: 0.000000, -0.951507, 0.000000
c: 0.700000, 0.300000, 0.200000
f: 7
m: tree_002
