64
p: 19168.466797, 597.818481, 23199.912109
s: 1.000000, 1.000000, 1.000000
r: 0.000000, -1.411441, 0.000000
c: 0.700000, 0.300000, 0.200000
f: 7
m: tree_002
