66
p: 18241.117188, 767.246460, 22780.021484
s: 1.000000, 1.000000, 1.000000
r: 0.000000, 2.149942, 0.000000
c: 0.700000, 0.300000, 0.200000
f: 7
m: tree_002
