67
p: 17575.013672, 819.079834, 22007.234375
s: 1.000000, 1.000000, 1.000000
r: 0.000000, -0.528787, 0.000000
c: 0.700000, 0.300000, 0.200000
f: 7
m: tree_001
