71
p: 23649.083984, 492.382874, 18491.609375
s: 1.000000, 1.000000, 1.000000
r: 0.000000, 2.735020, 0.000000
c: 0.700000, 0.300000, 0.200000
f: 7
m: tree_001
