74
p: 23834.908203, 561.652466, 20300.917969
s: 1.000000, 1.000000, 1.000000
r: 0.000000, -1.053885, 0.000000
c: 0.700000, 0.300000, 0.200000
f: 7
m: tree_002
