77
p: 23131.037109, 564.553894, 22571.527344
s: 1.000000, 1.000000, 1.000000
r: 0.000000, 0.822849, 0.000000
c: 0.700000, 0.300000, 0.200000
f: 7
m: tree_001
