83
p: 18308.062500, 613.938354, 16445.378906
s: 1.000000, 1.000000, 1.000000
r: 0.000000, -1.051648, 0.000000
c: 0.700000, 0.300000, 0.200000
f: 7
m: tree_001
