90
p: 17296.691406, 738.440918, 18273.623047
s: 1.000000, 1.000000, 1.000000
r: 0.000000, -2.853586, 0.000000
c: 0.700000, 0.300000, 0.200000
f: 7
m: tree_002
