92
p: 16586.439453, 679.731812, 18458.060547
s: 1.000000, 1.000000, 1.000000
r: 0.000000, -0.812904, 0.000000
c: 0.700000, 0.300000, 0.200000
f: 7
m: tree_002
