99
p: 19794.695312, 810.190430, 20944.240234
s: 1.000000, 1.000000, 1.000000
r: 0.000000, 2.732502, 0.000000
c: 0.700000, 0.300000, 0.200000
f: 7
m: tree_001
