13
t: 1
p: 19906.937500, 1182.112915, 21491.167969
s: 93.714287, 92.571434, 94.857147
r: 0.000000, 0.000000, 0.000000
c: 0.240173, 0.450000, 0.500000, 1.000000
f: 5
m: sphere
