17
t: 1
p: 20525.064453, 752.860718, 19605.240234
s: 100.000000, 100.000000, 100.000000
r: 0.000000, 0.000000, 0.000000
c: 0.371741, 0.450000, 0.500000, 0.811429
f: 5
m: rock
