19
t: 1
p: 20239.388672, 729.267822, 20320.457031
s: 100.000000, 100.000000, 100.000000
r: 0.000000, 0.000000, 0.000000
c: 0.400244, 0.450000, 0.500000, 0.731429
f: 5
m: cube
