5
t: 1
p: 20036.529297, 716.429871, 21113.111328
s: 100.000000, 100.000000, 100.000000
r: 1.005310, 1.974715, 0.179520
c: 0.400000, 0.251429, 0.102857, 1.000000
f: 5
m: tree_001
