6
t: 2
p: 20060.154297, 852.908997, 21251.376953
s: 147.428574, 0.000000, 0.000000
r: 0.000000, 0.000000, 0.000000
c: 0.457143, 0.182857, 0.080000, 0.365714
f: 9
m: sphere
