103
p: 16908.226562, 968.651550, 22154.150391
s: 1.000000, 1.000000, 1.000000
r: 0.000000, 0.420276, 0.000000
c: 0.700000, 0.300000, 0.200000
f: 7
m: tree_001
