109
p: 23770.949219, 605.142090, 17588.236328
s: 1.000000, 1.000000, 1.000000
r: 0.000000, -2.551558, 0.000000
c: 0.700000, 0.300000, 0.200000
f: 7
m: tree_001
