115
p: 23854.265625, 929.076904, 23107.195312
s: 1.000000, 1.000000, 1.000000
r: 0.000000, -2.009621, 0.000000
c: 0.700000, 0.300000, 0.200000
f: 7
m: tree_001
