119
p: 25181.011719, 745.270874, 20094.998047
s: 1.000000, 1.000000, 1.000000
r: 0.000000, 0.797425, 0.000000
c: 0.700000, 0.300000, 0.200000
f: 7
m: tree_001
