122
p: 17443.996094, 507.997375, 16195.390625
s: 1.000000, 1.000000, 1.000000
r: 0.000000, -1.629122, 0.000000
c: 0.700000, 0.300000, 0.200000
f: 7
m: tree_002
