133
p: 16043.821289, 483.283875, 20075.496094
s: 1.000000, 1.000000, 1.000000
r: 0.000000, 1.309672, 0.000000
c: 0.700000, 0.300000, 0.200000
f: 7
m: tree_001
