137
p: 15108.630859, 473.900208, 21144.453125
s: 1.000000, 1.000000, 1.000000
r: 0.000000, -2.576569, 0.000000
c: 0.700000, 0.300000, 0.200000
f: 7
m: tree_001
