14
p: 18223.718750, 400.259430, 19724.042969
s: 1.000000, 1.000000, 1.000000
r: 0.000000, 1.535525, 0.000000
c: 0.700000, 0.300000, 0.200000
f: 7
m: tree_002
