144
p: 18086.199219, 605.289429, 24612.181641
s: 1.000000, 1.000000, 1.000000
r: 0.000000, 1.042055, 0.000000
c: 0.700000, 0.300000, 0.200000
f: 7
m: tree_002
