159
p: 23643.632812, 1045.667114, 23956.953125
s: 1.000000, 1.000000, 1.000000
r: 0.000000, -2.350217, 0.000000
c: 0.700000, 0.300000, 0.200000
f: 7
m: tree_001
