17
p: 18857.193359, 477.716766, 21405.314453
s: 1.000000, 1.000000, 1.000000
r: 0.000000, 1.676576, 0.000000
c: 0.700000, 0.300000, 0.200000
f: 7
m: tree_001
