174
p: 19481.806641, 258.834869, 14103.066406
s: 1.000000, 1.000000, 1.000000
r: 0.000000, 3.106056, 0.000000
c: 0.700000, 0.300000, 0.200000
f: 7
m: tree_002
