179
p: 22345.822266, 526.241089, 14789.707031
s: 1.000000, 1.000000, 1.000000
r: 0.000000, 0.340144, 0.000000
c: 0.700000, 0.300000, 0.200000
f: 7
m: tree_001
