18
p: 18574.029297, 401.390381, 20113.958984
s: 1.000000, 1.000000, 1.000000
r: 0.000000, -1.883510, 0.000000
c: 0.700000, 0.300000, 0.200000
f: 7
m: tree_002
