188
p: 14653.485352, 544.250488, 21920.882812
s: 1.000000, 1.000000, 1.000000
r: 0.000000, 3.087151, 0.000000
c: 0.700000, 0.300000, 0.200000
f: 7
m: tree_002
