19
p: 21702.339844, 681.748047, 18407.753906
s: 1.000000, 1.000000, 1.000000
r: 0.000000, -1.472241, 0.000000
c: 0.700000, 0.300000, 0.200000
f: 7
m: tree_001
