190
p: 14768.034180, 742.078430, 22590.933594
s: 1.000000, 1.000000, 1.000000
r: 0.000000, 0.686249, 0.000000
c: 0.700000, 0.300000, 0.200000
f: 7
m: tree_002
