194
p: 19074.781250, 707.414062, 25491.562500
s: 1.000000, 1.000000, 1.000000
r: 0.000000, -1.111926, 0.000000
c: 0.700000, 0.300000, 0.200000
f: 7
m: tree_002
