252
p: 19575.480469, 547.009155, 20042.128906
s: 111.287346, 126.321899, 112.132263
r: 0.218306, -1.100138, -0.028480
c: 0.337149, 0.450000, 0.500000
f: 5
m: rock
