263
p: 20776.445312, 605.511963, 17295.277344
s: 120.469261, 46.940113, 42.431351
r: -0.412974, -0.653980, -0.592132
c: 0.496065, 0.450000, 0.500000
f: 1
m: rock
