264
p: 27997.476562, 513.850830, 15803.270508
s: 58.994095, 33.794964, 111.935020
r: 0.069312, -1.988492, -0.301769
c: 0.362718, 0.450000, 0.500000
f: 1
m: rock
