266
p: 19639.035156, 758.704956, 21365.216797
s: 66.129913, 65.490677, 121.697487
r: -0.153410, 2.395908, -0.394900
c: 0.456858, 0.450000, 0.500000
f: 5
m: rock
