275
p: 19464.138672, 533.300232, 19918.269531
s: 54.476898, 113.198402, 45.493229
r: 0.196725, 0.725430, 0.216397
c: 0.236752, 0.450000, 0.500000
f: 5
m: rock
