278
p: 17158.933594, 613.565125, 19186.255859
s: 63.958221, 65.783859, 49.254704
r: -0.612019, -2.850231, -0.381268
c: 0.305396, 0.450000, 0.500000
f: 1
m: rock
