282
p: 9934.404297, 627.289124, 18436.248047
s: 72.004250, 95.351707, 96.178673
r: -0.100935, 2.131601, -0.394788
c: 0.365859, 0.450000, 0.500000
f: 1
m: rock
