298
p: 20611.308594, 668.282776, 18719.750000
s: 91.039284, 117.191208, 52.546143
r: -0.419446, 0.752185, -0.216590
c: 0.234971, 0.450000, 0.500000
f: 5
m: rock
