299
p: 20536.908203, 956.308167, 24162.140625
s: 31.863632, 52.034878, 70.249016
r: -0.098512, 0.418561, -0.634749
c: 0.262869, 0.450000, 0.500000
f: 5
m: rock
