3
p: 19881.132812, 430.284760, 18772.505859
s: 1.000000, 1.000000, 1.000000
r: 0.000000, -1.472563, 0.000000
c: 0.700000, 0.300000, 0.200000
f: 7
m: tree_001
