301
p: 12847.599609, 657.844238, 14210.562500
s: 109.048485, 97.871063, 38.971378
r: 0.069383, -0.851044, -0.723396
c: 0.364092, 0.450000, 0.500000
f: 1
m: rock
