302
p: 16626.541016, 539.033997, 20356.255859
s: 43.249298, 110.939339, 77.415535
r: -0.621097, -0.172834, -0.566182
c: 0.201824, 0.450000, 0.500000
f: 1
m: rock
