304
p: 19457.269531, 425.424347, 10569.012695
s: 37.219906, 74.922386, 40.424000
r: 0.210968, 3.079349, -0.246329
c: 0.379808, 0.450000, 0.500000
f: 1
m: rock
