315
p: 19537.046875, 614.020996, 19908.333984
s: 32.219715, 36.740490, 117.420876
r: 0.076156, -1.910718, -0.263162
c: 0.430831, 0.450000, 0.500000
f: 5
m: rock
