322
p: 27555.972656, 617.412354, 15011.827148
s: 48.540619, 42.161022, 120.297241
r: -0.492960, -2.697532, 0.074313
c: 0.401571, 0.450000, 0.500000
f: 1
m: rock
