323
p: 25689.724609, 530.848083, 19512.351562
s: 53.540909, 82.020882, 45.002129
r: -0.342544, -2.419929, -0.358457
c: 0.404500, 0.450000, 0.500000
f: 1
m: rock
