331
p: 29834.125000, 777.010254, 22585.552734
s: 31.991390, 99.239983, 46.405785
r: -0.429979, 0.604410, -0.503774
c: 0.311440, 0.450000, 0.500000
f: 1
m: rock
