332
p: 20249.099609, 877.624634, 23954.345703
s: 62.835537, 96.933517, 81.528564
r: -0.343696, 1.540754, 0.139064
c: 0.267440, 0.450000, 0.500000
f: 5
m: rock
