336
p: 29414.968750, 891.279297, 23883.365234
s: 108.315720, 82.240059, 128.573608
r: -0.484553, -0.825006, -0.072028
c: 0.423231, 0.450000, 0.500000
f: 1
m: rock
