338
p: 25869.667969, 259.974854, 16691.351562
s: 110.584846, 119.386101, 42.269115
r: -0.679857, 2.507905, 0.186494
c: 0.214292, 0.450000, 0.500000
f: 1
m: rock
