351
p: 23700.728516, 499.931946, 18425.539062
s: 98.312737, 62.180092, 80.788940
r: -0.653050, -0.364435, -0.084112
c: 0.355752, 0.450000, 0.500000
f: 1
m: rock
