354
p: 16151.306641, 509.480774, 20163.251953
s: 36.375706, 86.441208, 37.338223
r: -0.415475, -0.826234, -0.357225
c: 0.332837, 0.450000, 0.500000
f: 1
m: rock
