358
p: 20532.416016, 641.771606, 17459.150391
s: 92.319359, 31.391922, 124.025345
r: 0.090671, -2.197366, -0.021512
c: 0.333779, 0.450000, 0.500000
f: 5
m: rock
