362
p: 22366.041016, 428.856201, 22141.689453
s: 87.848976, 97.771225, 60.941460
r: -0.418986, -0.895818, -0.488572
c: 0.311756, 0.450000, 0.500000
f: 5
m: rock
