363
p: 24170.302734, 500.502533, 13488.475586
s: 112.593994, 87.308128, 107.627251
r: 0.062223, -2.903183, -0.024715
c: 0.481918, 0.450000, 0.500000
f: 1
m: rock
