369
p: 23003.732422, 374.168793, 16836.349609
s: 96.531288, 121.383942, 119.954010
r: -0.179500, -0.662358, -0.001719
c: 0.248025, 0.450000, 0.500000
f: 5
m: rock
