370
p: 24620.988281, 731.616455, 19625.484375
s: 65.366341, 31.998199, 113.707687
r: -0.000595, -1.581655, -0.045124
c: 0.355312, 0.450000, 0.500000
f: 1
m: rock
