372
p: 28743.093750, 578.526123, 10758.069336
s: 47.409958, 39.147930, 79.192696
r: 0.065085, -2.262739, 0.109976
c: 0.452473, 0.450000, 0.500000
f: 1
m: rock
