373
p: 25849.875000, 653.436707, 20429.046875
s: 91.195045, 35.174332, 94.961853
r: -0.611915, 1.849026, -0.257829
c: 0.310569, 0.450000, 0.500000
f: 1
m: rock
