386
p: 31170.228516, 852.650024, 22063.404297
s: 37.009861, 44.728958, 79.580620
r: -0.735999, -1.206436, -0.365484
c: 0.361851, 0.450000, 0.500000
f: 1
m: rock
