395
p: 22010.908203, 591.005981, 19332.925781
s: 39.296463, 75.614304, 69.538422
r: -0.528155, 0.302307, -0.603823
c: 0.264916, 0.450000, 0.500000
f: 5
m: rock
