402
p: 27876.441406, 998.917297, 29075.742188
s: 90.759407, 113.305351, 43.160160
r: 0.077531, -1.148655, 0.193412
c: 0.279099, 0.450000, 0.500000
f: 1
m: rock
