413
p: 21124.664062, 677.000671, 18654.515625
s: 129.064087, 99.915436, 98.761002
r: -0.087875, -0.993988, -0.085988
c: 0.256047, 0.450000, 0.500000
f: 5
m: rock
