43
p: 23634.998047, 487.427246, 19199.744141
s: 1.000000, 1.000000, 1.000000
r: 0.000000, -2.850611, 0.000000
c: 0.700000, 0.300000, 0.200000
f: 7
m: tree_001
