430
p: 32904.339844, 725.724121, 24032.085938
s: 128.155930, 36.598278, 127.241447
r: -0.380949, 0.886323, -0.409491
c: 0.213602, 0.450000, 0.500000
f: 1
m: rock
