431
p: 28856.251953, 598.945923, 14791.208984
s: 122.801674, 47.658440, 115.376045
r: -0.598627, -2.350371, -0.296984
c: 0.212426, 0.450000, 0.500000
f: 1
m: rock
