433
p: 25367.250000, 671.617065, 19731.091797
s: 113.677528, 98.067253, 36.289616
r: -0.654103, 1.526868, -0.004196
c: 0.430120, 0.450000, 0.500000
f: 1
m: rock
