44
p: 22461.382812, 430.451965, 18129.537109
s: 1.000000, 1.000000, 1.000000
r: 0.000000, -0.936500, 0.000000
c: 0.700000, 0.300000, 0.200000
f: 7
m: tree_002
