440
p: 15881.212891, 406.466278, 17412.039062
s: 75.249947, 45.859188, 75.355888
r: 0.213582, 2.648018, -0.020453
c: 0.409907, 0.450000, 0.500000
f: 1
m: rock
