451
p: 18470.890625, 339.335510, 4847.361328
s: 99.028740, 96.030502, 104.664612
r: 0.131331, 0.155424, -0.502586
c: 0.493172, 0.450000, 0.500000
f: 1
m: rock
