46
p: 22575.597656, 436.679535, 21863.371094
s: 1.000000, 1.000000, 1.000000
r: 0.000000, 1.918469, 0.000000
c: 0.700000, 0.300000, 0.200000
f: 7
m: tree_002
