49
p: 21425.974609, 602.669678, 22496.746094
s: 1.000000, 1.000000, 1.000000
r: 0.000000, 2.940531, 0.000000
c: 0.700000, 0.300000, 0.200000
f: 7
m: tree_001
