5
p: 19440.826172, 711.653809, 20554.310547
s: 1.000000, 1.000000, 1.000000
r: 0.000000, 1.949185, 0.000000
c: 0.700000, 0.300000, 0.200000
f: 7
m: tree_001
