52
p: 23535.023438, 443.900024, 19481.488281
s: 1.000000, 1.000000, 1.000000
r: 0.000000, -2.652022, 0.000000
c: 0.700000, 0.300000, 0.200000
f: 7
m: tree_002
