59
p: 17148.123047, 637.049805, 19161.275391
s: 1.000000, 1.000000, 1.000000
r: 0.000000, 1.127455, 0.000000
c: 0.700000, 0.300000, 0.200000
f: 7
m: tree_001
