7
p: 21590.914062, 435.349854, 20576.484375
s: 1.000000, 1.000000, 1.000000
r: 0.000000, -2.730908, 0.000000
c: 0.700000, 0.300000, 0.200000
f: 7
m: tree_001
