81
p: 24289.414062, 682.919312, 19972.298828
s: 1.000000, 1.000000, 1.000000
r: 0.000000, 2.581439, 0.000000
c: 0.700000, 0.300000, 0.200000
f: 7
m: tree_001
