88
p: 21156.240234, 433.573578, 15860.853516
s: 1.000000, 1.000000, 1.000000
r: 0.000000, 1.450944, 0.000000
c: 0.700000, 0.300000, 0.200000
f: 7
m: tree_002
